"id"   "baseMean"   "baseMeanA"   "baseMeanB"   "foldChange"   "log2FoldChange"   "pval"   "padj"
"43"   "ABCA7"   76.2268284931672   53.5234324553219   98.9302245310126   1.84835351532422   0.88624071239759   9.46443374749909e-07   8.53333810315053e-05
"92"   "ABHD16A"   42.5426243429344   28.7927674945316   56.2924811913371   1.95509102075819   0.967235774867499   2.3754066729754e-05   0.00107699466623125
"96"   "ABHD4"   411.459861840506   500.640804218097   322.278919462914   0.643732825506004   -0.635466057627004   5.04575864394996e-07   5.48890788137513e-05
"105"   "ABL2"   2255.10639233556   2620.13650859686   1890.07627607427   0.721365573844261   -0.471197520707365   6.51588337934853e-06   0.000376361920353297
"141"   "ACCN2"   485.330871466989   599.713492876497   370.948250057481   0.618542444790171   -0.693055497604467   4.49691062853335e-09   1.28585947343891e-06
"285"   "ADAMTS3"   112.322369983454   144.142607670248   80.5021322966589   0.558489495908259   -0.84039794818696   8.71101981778665e-07   7.99815470976227e-05
"286"   "ADAMTS4"   146.33738018489   115.810411083036   176.864349286744   1.52718868392526   0.610878317895479   4.80433055773904e-05   0.00180758421886663
"323"   "ADD1"   324.917152323814   233.182319870454   416.651984777174   1.78680778632209   0.837384446559148   6.91023666277198e-11   4.32235303256388e-08
"336"   "ADIPOQ"   624.876873106051   747.266158445149   502.487587766952   0.672434556400209   -0.57253422833502   2.69348578877959e-06   0.000195336273725406
"442"   "AHSA2"   94.4415816580413   148.166340401208   40.7168229148745   0.274804809274634   -1.86352084234725   5.89118642629395e-21   5.89589937543499e-17
"464"   "AK3"   1167.74373097059   1325.68341882082   1009.80404312036   0.761723371345002   -0.392660933451155   0.000287972803336757   0.00766497823349538
"601"   "AMH"   42.8464545395448   23.3531310728612   62.3397780062283   2.66943981994233   1.4165370251405   5.55404583659711e-09   1.544024742574e-06
"607"   "AMMECR1"   111.041326923518   141.902153306708   80.1805005403277   0.565040759931423   -0.823573152970291   1.14639615019234e-06   9.69071386668432e-05
"666"   "ANKRA2"   29.2367845672767   40.0568351461759   18.4167339883776   0.459765079322193   -1.12103120212815   2.81243589320225e-05   0.00122912045498551
"670"   "ANKRD12"   889.805806139698   1138.09430604709   641.517306232309   0.5636767558046   -0.827060018231097   2.6661565374911e-13   3.81184208960156e-10
"781"   "AP1G1"   63.2659828786709   87.2560326615248   39.275933095817   0.450122838476652   -1.15160932838406   1.27643432814627e-09   4.5623409843171e-07
"895"   "ARC"   111.912328998128   85.3587362131162   138.465921783139   1.62216461871495   0.697920232966223   2.61550445978612e-05   0.00116857002828301
"896"   "ARCN1"   110.915537055343   161.4533061547   60.3777679559853   0.373964271119557   -1.41902765456301   1.60322126980541e-11   1.23423372832404e-08
"899"   "ARF3"   277.575956905319   194.240071053336   360.911842757302   1.85807099843059   0.893805629345298   2.32519010754722e-07   2.88522865418664e-05
"962"   "ARHGEF2"   67.0847024533632   42.2415686602912   91.9278362464353   2.17624106210931   1.1218383726945   7.29885441511529e-09   1.82617337466185e-06
"987"   "ARIH2"   309.954682270807   249.337155350351   370.572209191264   1.48622939357177   0.571656807281004   0.000143103483173909   0.00432682676617669
"1005"   "ARL5A"   310.542213215925   377.541902768006   243.542523663844   0.645074154360812   -0.632463080119975   7.60669083017585e-07   7.3199770988846e-05
"1058"   "ARSB"   43.3850811109406   58.5019948548662   28.268167367015   0.483200059026084   -1.04930746398962   8.46319639577195e-06   0.000452939409245378
"1113"   "ASH1L"   26.177911547385   13.352735452941   39.003087641829   2.92098108131382   1.54645301411262   2.49143121465399e-05   0.00112316412595753
"1127"   "ASPHD1"   10.9967440013048   5.77326779904552   16.220220203564   2.80953885531616   1.49033335260121   0.00035394957527084   0.00892273891513997
"1129"   "ASPM"   105.409941251283   131.623870903118   79.1960115994477   0.601684261798833   -0.732921474070609   5.97878899850253e-05   0.00217584437443685
"1148"   "ATAD3C"   55.4697759408933   37.2585416253817   73.6810102564049   1.97756023295907   0.983721637286161   3.53053838852719e-05   0.00144218890581144
"1218"   "ATP2B3"   46.5436368777357   58.7390246138301   34.3482491416413   0.584760291262209   -0.774082747933765   0.000205329535194874   0.00592201149345908
"1219"   "ATP2B4"   229.474562318387   269.112524971828   189.836599664946   0.705417184446614   -0.503451373654053   0.000102356745920225   0.00334766769009677
"1227"   "ATP5D"   176.261770042019   134.50963196177   218.013908122268   1.62080517909849   0.696710689226866   1.00018335198852e-05   0.000518644299829072
"1242"   "ATP5S"   19.8298198915657   28.7805796886317   10.8790600944998   0.37800003377962   -1.40354173151591   3.87827320264368e-05   0.00157140721506308
"1333"   "B3GALT2"   54.5199115297329   75.0735531696521   33.9662698898137   0.452439886694271   -1.14420197325322   9.11207361154771e-08   1.51989387840616e-05
"1365"   "BAAT"   116.574935794078   156.936429302665   76.2134422854915   0.485632575076038   -1.0420628975021   1.9310982158317e-09   6.23433256259474e-07
"1366"   "BACE1"   64.2652337739453   80.8342766210756   47.6961909268149   0.590049084627787   -0.761093121423749   6.10258184237493e-05   0.00220486061655192
"1387"   "BAIAP2"   27.0983582785953   18.9561174160411   35.2405991411495   1.85906208363787   0.89457495006422   0.000342035666525093   0.00877310238078269
"1581"   "BOD1L"   750.28665547887   909.083624712971   591.489686244769   0.65064386835867   -0.620059998407639   2.35666236995498e-05   0.00107696242002326
"1607"   "BRCC3"   7088.94888118187   6115.52036465078   8062.37739771295   1.31834691358653   0.398730055213095   0.000167919866116058   0.00494277064732207
"1608"   "BRD1"   147.942890443634   97.0626159319062   198.823164955361   2.04840105581787   1.03449820781535   5.58762985563579e-12   4.66008329960025e-09
"1624"   "BRIX1"   152.41602431752   210.247789635889   94.5842589991511   0.449870408449734   -1.15241862236221   1.71121110875507e-09   5.70860025880693e-07
"1645"   "BST2"   20.1684309021929   12.1689350042916   28.1679268000942   2.31474050852933   1.21085047078957   0.000298758338895241   0.00793096407337818
"1712"   "C10orf137"   143.035701337863   173.09387488619   112.977527789536   0.652695122018722   -0.615518837668603   0.000116923101403911   0.003738550795049
"1880"   "C14orf119"   17.9392077456794   10.6491080813802   25.2293074099785   2.3691474644803   1.24436800003582   9.04945874649939e-06   0.000479190386957492
"1960"   "C15orf52"   230.473140268136   296.129919764977   164.816360771295   0.556567741963059   -0.84537080076789   8.03362326101076e-11   4.46669453312198e-08
"1967"   "C15orf59"   20.9860294471   11.0416471721235   30.9304117220765   2.80124978093537   1.48607063091337   3.43639637693268e-05   0.00142339414247216
"2000"   "C16orf80"   70.1581240382269   86.5831648597577   53.733083216696   0.620595046435756   -0.688275913507502   0.000189705878784304   0.00553520826493678
"2079"   "C18orf19"   489.236938336159   590.510172692496   387.963703979822   0.656997494574663   -0.606040225970809   2.38498695426676e-07   2.91084749247582e-05
"2104"   "C19orf28"   410.376698275399   339.929342981367   480.824053569431   1.4144823431609   0.500274167831238   0.00024464493853619   0.00685828163829186
"2184"   "C1orf125"   43.2423540788971   56.4943383902019   29.9903697675924   0.530856199438098   -0.913606984241858   7.81676574172386e-05   0.00271632609524904
"2202"   "C1orf159"   42.3599133152251   23.5561949610693   61.1636316693808   2.59649878813044   1.37656755207365   1.22355974218929e-06   0.000101266021978551
"2231"   "C1orf213"   409.702826167115   506.480873438121   312.924778896109   0.617841255824521   -0.694691885970669   3.74847934578356e-08   7.35583946913762e-06
"2239"   "C1orf27"   60.754669761178   77.5451955212987   43.9641440010574   0.566948651112526   -0.818710019578736   5.88726787395954e-05   0.00215823358544275
"2298"   "C20orf177"   84.6520695137967   59.257127362313   110.04701166528   1.85711013280184   0.893059374420162   9.51605799775007e-06   0.00050124583390254
"2530"   "C4orf40"   418.16668962213   519.706789882159   316.626589362102   0.60924081718058   -0.714915493883972   8.76500774568193e-05   0.00298368018771377
"2548"   "C5orf20"   390.264426799931   505.605771956224   274.923081643638   0.543749887545669   -0.878984897406124   4.93440262513883e-12   4.66008329960025e-09
"2557"   "C5orf33"   357.83578740992   425.703122096148   289.968452723692   0.681151811374782   -0.553951720865839   8.72654399769098e-06   0.000464549214515379
"2565"   "C5orf42"   187.231123129484   231.866024087977   142.596222170991   0.614994036887809   -0.701355673043768   3.04609366276705e-06   0.00021468524913361
"2573"   "C5orf51"   955.82862009067   1133.36873454126   778.288505640077   0.686703701911359   -0.542240353910202   1.28316310543647e-06   0.00010526144556728
"2723"   "C8orf51"   117.502105565216   89.4674427850077   145.536768345425   1.62670088486996   0.701948994964331   2.91870113320778e-05   0.00125576722270084
"2724"   "C8orf55"   1226.77314794976   1001.89468253751   1451.65161336201   1.44890639571556   0.534964394895553   1.53012887807012e-06   0.000123496208159079
"2791"   "C9orf46"   319.900637840264   385.130220509763   254.671055170766   0.661259598983637   -0.596711335043569   4.43406838398567e-05   0.00172000606150886
"2809"   "C9orf82"   329.3343311424   394.071061590433   264.597600694367   0.671446412803002   -0.574655830109228   2.20797135297554e-06   0.000164232724068533
"2954"   "CAPZA2"   923.844219240439   1043.35928853042   804.329149950461   0.77090333003444   -0.375378134907761   0.00033017827294542   0.0085385637096583
"2959"   "CARD14"   460.183106167484   389.478414668026   530.887797666942   1.36307373572794   0.44686360711136   0.000274994753737553   0.00746469301752129
"2968"   "CARM1"   43.410693035289   30.2443569132402   56.5770291573378   1.8706639826939   0.903550438302422   6.94091131608411e-05   0.00245458093467738
"2974"   "CASC2"   94.2821100007912   122.193894430945   66.3703255706372   0.543155825253975   -0.880561944609861   4.71165709230264e-07   5.18178727250163e-05
"3044"   "CC2D1B"   104.234464125282   124.574229569239   83.8946986813249   0.673451475248302   -0.570354097144385   0.00034920094260491   0.00884760261668339
"3068"   "CCDC114"   49.9363699826175   34.8364514777063   65.0362884875288   1.86690336497531   0.900647252428041   4.79859665835229e-05   0.00180758421886663
"3160"   "CCDC66"   49.0307963962701   64.7798505819394   33.2817422106008   0.513766887567965   -0.960814183786212   8.00827005138951e-06   0.00043322576580706
"3171"   "CCDC75"   17.6062705011248   25.7706393996655   9.44190160258406   0.366382124096874   -1.44857897929617   8.05649991230386e-06   0.000433491672700737
"3422"   "CDCA4"   13.1345077623435   4.44612668689335   21.8228888377936   4.90829217757669   2.29522113135506   2.37825560788475e-05   0.00107699466623125
"3528"   "CDYL"   376.889211586498   438.375294428469   315.403128744526   0.719481988955907   -0.474969522958941   0.000114074482506771   0.00367469384119622
"3570"   "CELSR3"   366.392082748856   292.214330280616   440.569835217097   1.50769414625906   0.592343790391029   3.4821087360191e-06   0.000232326294867194
"3600"   "CEP192"   557.328918434207   638.83353296895   475.824303899464   0.744833011016331   -0.425011080296009   0.000158751710837253   0.00477113249867635
"3716"   "CHMP5"   506.96312309929   591.503251581949   422.42299461663   0.714151601849826   -0.485697729287626   2.59684212854387e-05   0.00116543479921377
"3717"   "CHMP6"   457.57523035181   371.938411183943   543.212049519677   1.4604892454924   0.546451734728603   0.000389878502918619   0.00968214406255469
"3805"   "CKAP5"   183.656366629426   239.923068288809   127.389664970043   0.53096046944805   -0.91332363998637   2.09141945961432e-07   2.71830207166495e-05
"3838"   "CLDN15"   223.103743378775   173.362706878113   272.844779879437   1.57383779241096   0.654286857145701   2.00216844159075e-06   0.000151800770935153
"3897"   "CLIP1"   62.6793567624246   44.0968604333094   81.2618530915398   1.84280359855635   0.881902320297185   1.69494859726744e-06   0.000134627345725814
"3906"   "CLLU1"   12.718685089832   19.7677631980632   5.66960698160079   0.286810749642949   -1.80182899774454   6.76985289565423e-06   0.000387158215884043
"3957"   "CMTM7"   98.5397752519106   126.520584539837   70.5589659639847   0.557687638107366   -0.842470802820162   4.51737222391539e-05   0.00173816438446025
"4001"   "CNR1"   41.8935691738145   57.670186183509   26.11695216412   0.452867484786936   -1.14283913514301   3.97914882848805e-06   0.0002569246546807
"4009"   "CNTLN"   265.821786867778   316.266642815697   215.376930919858   0.680997935799914   -0.554277669654042   2.19990591733646e-05   0.00102403062421876
"4069"   "COL5A3"   44.7492230444765   31.8963559713367   57.6020901176163   1.80591444895398   0.852729550076102   0.000351106578992447   0.00887342081453639
"4116"   "COQ10A"   2906.64753412623   3446.79815456043   2366.49691369204   0.686578327936303   -0.542503776002155   2.70894112090112e-07   3.2663955105998e-05
"4172"   "CPD"   96.0602665169675   75.1178713992944   117.002661634641   1.55758755480044   0.63931326201405   0.000160433259521821   0.00478928228565737
"4175"   "CPEB2"   124.106892959245   162.33354137599   85.8802445425004   0.52903573601951   -0.918562916145801   1.86623593086392e-07   2.55853276658714e-05
"4220"   "CRABP2"   101.908308777279   77.009292022772   126.807325531786   1.64664967305879   0.719533652392245   6.54346264403214e-06   0.000376361920353297
"4341"   "CSNK1G2"   444.032328165024   373.732203619494   514.332452710555   1.37620587075287   0.460696303250703   0.00028119607423732   0.007526012587421
"4436"   "CTR9"   2591.18765822964   2981.32770013937   2201.04761631992   0.738277652677037   -0.437764605420603   3.20488645139488e-05   0.00135335458251308
"4465"   "CTXN2"   80.7294127816666   101.809199234381   59.6496263289518   0.585896233125541   -0.77128292036149   0.000140564476888099   0.00428266485523394
"4609"   "CYP3A43"   11.7043411667558   5.73715742811552   17.6715249053962   3.08018825120522   1.62301852649833   0.00021172488729316   0.00607146897429783
"4638"   "CYTH4"   1043.70029007811   784.778917005265   1302.62166315096   1.65985812682353   0.731059935261849   1.01180264754761e-07   1.60732077724707e-05
"4655"   "DACT3"   179.718237364698   212.129397149442   147.307077579954   0.694420856135176   -0.526117816760873   0.00031492369842327   0.00822912891336837
"4719"   "DCBLD2"   985.44985864057   1156.86066975133   814.039047529814   0.703662133923869   -0.507045215337771   4.85733590121323e-06   0.000301561907258194
"4828"   "DEF6"   15.3649644422925   8.47554375367645   22.2543851309086   2.62571768581281   1.39271180763488   0.000361916235004928   0.00910064743700833
"4880"   "DEK"   5084.01766469402   6048.89415461375   4119.14117477428   0.680974252398257   -0.554327843844706   2.33516707623019e-07   2.88522865418664e-05
"4891"   "DENND4C"   536.966072190548   623.041669330352   450.890475050744   0.723692326285918   -0.466551620900082   4.30624117355634e-05   0.001694970928331
"4904"   "DERL3"   182.463401062808   132.014837700245   232.911964425372   1.76428626117183   0.81908466184039   5.74084444611086e-09   1.55282084369399e-06
"4935"   "DGUOK"   121.274027439479   149.5578705073   92.9901843716576   0.621767240040493   -0.685553489588566   3.31961845132784e-05   0.00139007286447235
"5021"   "DKFZp761E198"   165.032273746145   95.3305349435508   234.734012548738   2.46231716509022   1.3000166038338   5.14351410705251e-06   0.00031387981209379
"5043"   "DLGAP3"   86.9842724845288   103.984099789955   69.9844451791025   0.673030254822314   -0.571256734923935   0.000396073456346426   0.00973931978160941
"5076"   "DMRTC2"   34.0847490199464   19.876598136654   48.2928999032389   2.4296360761142   1.28074023543421   3.19506267257049e-06   0.000219014981007435
"5185"   "DOHH"   184.128445082956   149.552392517198   218.704497648714   1.46239384049682   0.548331898988243   0.000134922363598041   0.00418050469005944
"5199"   "DOT1L"   536.509304162019   427.036199131377   645.982409192661   1.51271112497403   0.597136509459452   2.96262609887923e-07   3.4882308232451e-05
"5326"   "DUSP28"   70.8003936006035   52.1546706826359   89.4461165185712   1.71501641843078   0.778222387870561   1.88243075679443e-05   0.000888649387452767
"5446"   "EEF2"   18419.8970954847   15965.1401800525   20874.6540109169   1.30751460842158   0.38682706530941   0.000254485208105336   0.00703997787724222
"5502"   "EHD4"   173.074417855364   207.165853483213   138.982982227515   0.670877849272476   -0.57587798463351   9.83883113384448e-05   0.00323904677590512
"5585"   "ELFN2"   121.763149549125   89.1790392479312   154.347259850318   1.73075715046906   0.791403308533046   5.5502074281569e-07   5.90919956819087e-05
"5687"   "EPB41L4A"   459.497136419348   532.777788339495   386.2164844992   0.724911009715549   -0.464124194548872   0.000275468798904459   0.00746469301752129
"5708"   "EPHB3"   220.827288985718   279.218051519879   162.436526451556   0.581755103466122   -0.781516133110678   5.91254742593594e-07   6.1002860452337e-05
"5729"   "EPS8L2"   23.5357836417655   15.437635628516   31.633931655015   2.04914356163333   1.03502106214375   7.18893993711262e-05   0.00253334193276842
"5769"   "ERMP1"   1238.2988057253   1404.96420450832   1071.63340694229   0.762747836210756   -0.390721912764439   0.00026246100703788   0.00719646509160301
"5780"   "ESAM"   49.1021205998185   35.5751795082248   62.6290616914122   1.7604707146153   0.81596122820605   0.000107991627982163   0.00351425987435943
"5825"   "EVI5L"   128.178381070618   101.953139139192   154.403623002044   1.51445678186764   0.598800408456908   7.97828067721584e-05   0.00275333217301987
"5933"   "FAM108A1"   93.4301723472327   69.4797496198174   117.380595074648   1.68942167634364   0.756529466944494   9.48912965289375e-05   0.00314460958828347
"6110"   "FAM20B"   146.135547065824   170.983891280123   121.287202851525   0.709348710825751   -0.49543307433001   0.000377739078970044   0.00943164099473938
"6154"   "FAM46B"   7.16840285530144   2.80448262005904   11.5323230905438   4.11210360444346   2.03987661368885   8.96409141815384e-05   0.0030060965872232
"6260"   "FAM8A1"   458.321383826472   538.585175223158   378.057592429785   0.70194578280611   -0.510568491561843   0.000197567964939255   0.00573118896554222
"6315"   "FASTKD3"   145.256615679316   174.706045410478   115.807185948153   0.662868795845386   -0.593204754436644   8.98104396062886e-05   0.0030060965872232
"6473"   "FGF1"   75.5563065658808   96.1631036876571   54.9495094441045   0.571419882854275   -0.807376858409714   2.32814352551516e-05   0.00106881011024568
"6594"   "FLJ30403"   13.8443694144462   7.11124793254344   20.5774908963491   2.89365398190937   1.53289241722939   0.000129312230468533   0.00401912050474869
"6671"   "FLNB"   116.699506562451   166.741665762773   66.657347362129   0.399764192454234   -1.32277884161983   2.0761695251743e-10   1.03891523039722e-07
"6735"   "FOXC1"   356.386816598359   414.018904073269   298.754729123449   0.721596830927746   -0.470735092234846   0.000162139286846568   0.00480085793716111
"6829"   "FSIP2"   1353.06384965439   1679.1230668453   1027.00463246349   0.611631543120304   -0.709265283463714   8.60184564368326e-11   4.53090901063063e-08
"6895"   "FZR1"   781.01771747464   629.819383162434   932.216051786846   1.48013236287842   0.5657261966175   6.96209642786762e-07   6.83104520099011e-05
"6940"   "GADD45B"   347.367814888068   274.925731690574   419.809898085562   1.52699383758685   0.610694239933826   0.000263215551315043   0.00719743507530315
"7002"   "GAMT"   50.6123892526176   36.1644061269139   65.0603723783213   1.79901675006085   0.847208619117034   1.81399960853089e-05   0.000865595234650915
"7126"   "GFPT2"   734.659831591977   886.036987078737   583.282676105217   0.658305109844567   -0.603171698712603   3.82270004250113e-07   4.34745250288083e-05
"7278"   "GMFB"   123.208409235797   159.200456928546   87.2163615430482   0.547839894593982   -0.868173765614436   6.27475281565668e-09   1.61019810715621e-06
"7281"   "GML"   55.0138503776764   37.1122007008392   72.9155000545136   1.96473123871807   0.974331975543685   7.9423035163518e-06   0.0004319922477807
"7377"   "GON4L"   54.6143772389789   35.0116878153925   74.2170666625653   2.11977974480672   1.08391436970218   1.83480530828109e-07   2.55853276658714e-05
"7395"   "GPAM"   464.203210121967   584.9988145284   343.407605715534   0.587022737802254   -0.768511708963904   3.93722313593117e-09   1.19405239831513e-06
"7812"   "HAUS6"   1070.7876261064   1248.15861364648   893.416638566327   0.715787744280529   -0.482396252749538   1.08211756325545e-05   0.000557091169180903
"7992"   "HIRIP3"   147.14881611344   120.405019904176   173.892612322704   1.44423058491328   0.530301100364314   0.000281247872471568   0.007526012587421
"8120"   "HMGCS1"   623.95996780555   755.354048536816   492.565887074284   0.652099353976358   -0.616836304404987   2.58077928653219e-08   5.61487806513351e-06
"8250"   "HRC"   197.971437691667   155.188619077026   240.754256306309   1.55136541415331   0.633538543946472   0.000313484125762386   0.00821393397429116
"8323"   "HSPA1L"   310.05573842896   249.123479293229   370.987997564691   1.48917315468295   0.574511514080155   7.15435656842771e-06   0.000400004472272763
"8387"   "HYAL3"   111.460973997942   82.3031999230859   140.618748072799   1.70854533243191   0.772768526963593   1.12986442430617e-06   9.66468646021894e-05
"8602"   "IL21R"   277.890430557933   210.869165210749   344.911695905116   1.63566681529943   0.709878901782442   3.14664507499184e-08   6.42686202255476e-06
"8623"   "IL32"   22.1336425877417   12.8370086637216   31.4302765117619   2.44841125647803   1.29184590600817   0.000220132113858193   0.00625875623719544
"8719"   "INTS6"   119.029117975353   143.323213657223   94.7350222934831   0.660988683382825   -0.597302522953544   0.000123633711640744   0.00389096284937285
"8727"   "IP6K3"   176.995178772018   138.128315686985   215.862041857051   1.56276459886921   0.644100479795789   1.80845924670301e-05   0.000865595234650915
"8781"   "IRGQ"   77.8404082414852   53.5738909794798   102.10692550349   1.90590833774982   0.930478736323566   3.45945664955943e-07   3.9795680630794e-05
"8829"   "ITGAV"   14.7909114646906   21.8699728545654   7.71185007481583   0.352622754774292   -1.50380252000011   5.53327112908626e-05   0.00205099916518131
"8882"   "JAK2"   256.436592951658   305.509365163962   207.363820739354   0.678747836839845   -0.559052399812576   2.86914191102039e-05   0.00124304641755377
"9071"   "KDELR3"   37.9508238349695   49.1126019442091   26.7890457257299   0.545461748415644   -0.87445006663546   7.443229673586e-05   0.00260460988018352
"9073"   "KDM1B"   205.80384783729   249.375527565799   162.232168108781   0.650553683805143   -0.6202599815818   4.12405057163348e-05   0.00164436247493657
"9149"   "KIAA0895"   254.91750229305   297.167716035089   212.667288551011   0.715647350218555   -0.482679249608296   0.000135854966471432   0.0041964089643398
"9151"   "KIAA0907"   311.39065406599   366.85344497105   255.92786316093   0.697629711998825   -0.5194666091869   0.000161899608505965   0.00480085793716111
"9154"   "KIAA0947"   1435.3700321317   1628.20709401324   1242.53297025015   0.763129564303473   -0.390000075954176   0.00028000401873517   0.007526012587421
"9183"   "KIAA1409"   144.719877995904   186.762234567842   102.677521423965   0.549776680823913   -0.863082379693778   2.01892796571456e-08   4.59214342747075e-06
"9185"   "KIAA1430"   55.5591053509649   69.2078694399099   41.9103412620199   0.605571903906229   -0.723629823241801   0.000394334535102466   0.00972044341700856
"9200"   "KIAA1614"   152.596899111779   187.199662725697   117.994135497861   0.630311688492503   -0.665862678587399   1.24086634049185e-05   0.000617840315206089
"9215"   "KIAA1841"   42.8088596500866   57.4108629079077   28.2068563922654   0.491315666819218   -1.02527785115357   3.8934143419843e-06   0.000253021368406356
"9226"   "KIAA2026"   561.197382167922   649.854489023563   472.540275312281   0.727147820464078   -0.459679418263251   5.58714597739958e-05   0.00205739671693564
"9309"   "KLF16"   292.196037192642   242.652523641968   341.739550743316   1.40834946043072   0.494005361159017   0.000126593718414222   0.00394688452925088
"9341"   "KLHL21"   47.0803097562487   28.3794775136418   65.7811419988555   2.31791237055844   1.21282602581355   1.85292714434576e-07   2.55853276658714e-05
"9416"   "KRI1"   95.6779512097431   126.20157697287   65.1543254466157   0.516271880347596   -0.953797073561013   5.20800531605877e-08   9.65216985242891e-06
"9504"   "KRTAP17-1"   132.884248831711   167.168475170776   98.6000224926456   0.589824261972348   -0.761642927104065   4.03907388920454e-07   4.54191589698416e-05
"9562"   "KRTAP9-4"   315.259447916405   393.067750212875   237.451145619935   0.60409724657222   -0.727147283988535   2.99752064936159e-08   6.24983055391892e-06
"9611"   "LAPTM4A"   303.142333377878   409.3648209294   196.919845826356   0.481037538543932   -1.05577861345334   9.13975400303549e-15   3.04902193541264e-11
"9677"   "LCORL"   328.944434896248   396.389785523405   261.499084269092   0.659701873810397   -0.600113892151394   2.89912236304156e-06   0.000207245832923714
"9704"   "LEKR1"   266.350426694234   326.370094666456   206.330758722012   0.63219872805098   -0.661549962264991   0.000344254238848843   0.00877929681900303
"9718"   "LEPREL2"   209.288956746296   161.247916428166   257.329997064425   1.59586556381374   0.674339123622773   9.90242177767265e-06   0.000516163735161187
"9734"   "LGALS3"   33.9490911009895   47.8656823759146   20.0324998260645   0.418514869771178   -1.25664921246053   5.280630504176e-07   5.68263979417133e-05
"9771"   "LIFR"   381.068972223887   455.199683849113   306.938260598661   0.674293659440245   -0.568551063196639   1.00708126329996e-06   8.78458676588542e-05
"9839"   "LMBRD2"   55.9349424955971   79.6043205214886   32.2655644697057   0.405324287153432   -1.30285147019094   2.53641509827809e-10   1.15383828652578e-07
"9843"   "LMLN"   166.157666789703   199.35095874209   132.964374837316   0.666986382590409   -0.584270787705137   3.09150543745298e-05   0.00131100789906904
"9880"   "LOC100128164"   11.2868920870624   17.1685041554463   5.40528001867851   0.314836981121842   -1.66732308343351   0.000122618596789617   0.00388343960971674
"9904"   "LOC100129066"   371.519899239107   473.946951325259   269.092847152955   0.567769971724711   -0.816621545207632   4.88139777935926e-06   0.000301561907258194
"9932"   "LOC100129917"   17.8739448431061   9.21050415847332   26.5373855277389   2.88120878848152   1.52667421002664   8.82907505692355e-05   0.00298518186384091
"9980"   "LOC100131496"   134.628339611878   87.2469257745586   182.009753449198   2.08614517741864   1.06083956028046   2.10154878017767e-11   1.50230715657273e-08
"10069"   "LOC100286844"   47.0962765063565   60.8313276662828   33.3612253464302   0.54842178571949   -0.866642212455143   1.75914710631019e-05   0.000850509383572578
"10089"   "LOC100288123"   12.739964063576   4.85383273267132   20.6260953944807   4.24944503250921   2.0872744409854   1.8761333940418e-05   0.000888649387452767
"10251"   "LOC221710"   1098.92189149549   1274.38283189955   923.460951091437   0.724633860387902   -0.464675873870706   2.28646354219023e-05   0.00105451277097879
"10297"   "LOC283888"   93.7349847044234   69.8082659031044   117.661703505742   1.68549815675209   0.75317504960271   2.07801434303818e-05   0.000971811567529256
"10316"   "LOC284632"   70.0499393088455   87.07176637285   53.0281122448411   0.609016153614817   -0.71544760003832   0.000174297052585781   0.00511543959612462
"10386"   "LOC339803"   19.3949508027243   27.2811352155545   11.5087663898941   0.421858045824   -1.24517047756309   2.94924967934038e-05   0.00125600386343994
"10402"   "LOC344887"   364.501591848032   431.459941878268   297.543241817796   0.689619621516902   -0.53612727135593   1.27071613467489e-05   0.000629570647318133
"10420"   "LOC387646"   1130.65559323265   1368.50426686767   892.806919597623   0.652396153386602   -0.616179819131914   2.28498633113995e-08   5.08180960045525e-06
"10512"   "LOC407835"   1157.5844619007   1475.08665877558   840.082265025821   0.569513838409429   -0.81219719700648   3.53757678399416e-13   3.9337853838015e-10
"10718"   "LOC728554"   67.3916954049262   46.9188859676666   87.8645048421857   1.87268949443378   0.905111710058043   3.11205257541663e-06   0.000216287653991456
"10814"   "LPAR4"   4.09255352797145   7.3005147621761   0.8845922937668   0.121168482303449   -3.04491361338478   2.75591828049208e-05   0.00120970307680547
"10843"   "LRDD"   179.855231009888   127.608587035722   232.101874984054   1.81885780867616   0.863032763035562   9.43280245305446e-08   1.54499339477478e-05
"10847"   "LRFN4"   303.559317769593   238.336383024369   368.782252514817   1.54731832309929   0.629770026725189   6.35403608215541e-07   6.29615773368429e-05
"10967"   "LSM12"   129.774420172355   83.6191494207337   175.929690923977   2.10394021157496   1.07309370762932   1.69070045003733e-07   2.42317996535128e-05
"11063"   "MACF1"   15.7154940547425   9.11388274434488   22.3171053651402   2.44869349224268   1.29201220024094   0.000126510753852741   0.00394688452925088
"11076"   "MAFA"   385.5100737677   282.747691026672   488.272456508728   1.72688397466938   0.788171154787955   1.64515077227912e-07   2.42317996535128e-05
"11154"   "MAP1A"   199.042310223048   237.311370238386   160.77325020771   0.677478074675515   -0.561753837821219   8.96538204542831e-05   0.0030060965872232
"11155"   "MAP1B"   62.3599476636198   84.8199555619008   39.8999397653387   0.470407458964301   -1.08801715859597   7.02005838907736e-08   1.23023896552769e-05
"11272"   "MBD3"   1850.07503616365   1435.03024768192   2265.11982464538   1.57844744269632   0.65850622427223   1.95895806653283e-07   2.61403364398141e-05
"11297"   "MC1R"   52.7747983971368   24.6590761981238   80.8905205961498   3.280354865942   1.71385189278294   8.30572081020714e-07   7.69663461745861e-05
"11372"   "MED16"   479.397377985507   402.431543583164   556.36321238785   1.38250398424068   0.467283638171364   0.000117968045347804   0.00375994967465231
"11411"   "MELK"   414.119688572675   476.948804549163   351.290572596186   0.736537274536718   -0.441169556145567   0.000125954699547701   0.00394688452925088
"11456"   "MEX3D"   315.951250221902   378.362961525195   253.539538918608   0.670096084184829   -0.577560118364409   1.56932418556641e-05   0.000773684554145253
"11546"   "MIER1"   150.273511717278   190.693943658636   109.85307977592   0.576070103057757   -0.795683708254964   3.37272376988317e-05   0.00140642581204128
"12497"   "MLL"   440.75826635317   525.311015601597   356.205517104743   0.678084994461443   -0.560461975798982   3.35863281071729e-06   0.000227116197092288
"12511"   "MLST8"   9.67082726871801   3.09299939407796   16.2486551433581   5.25336512333909   2.39324185925457   7.55190177941909e-06   0.000419885738935701
"12546"   "MMP7"   227.305865199208   288.666943813732   165.944786584684   0.57486591430352   -0.798702603748279   1.35308899123485e-09   4.66955676699253e-07
"12781"   "MSTN"   282.165291193177   344.569122608484   219.76145977787   0.637786282514853   -0.648855026398185   1.03999061894328e-06   8.97260871929684e-05
"12805"   "MTAP"   1320.67367166165   1539.26590546614   1102.08143785716   0.715978593395413   -0.482011641006705   6.08913648696246e-05   0.00220486061655192
"12836"   "MTMR12"   870.637438828948   985.986280472765   755.28859718513   0.766023434751021   -0.384539566076662   0.000393180920600637   0.00971593741573131
"12842"   "MTMR7"   40.5634771703771   55.1809943366251   25.945960004129   0.470197398869777   -1.08866153685784   3.87503586036881e-05   0.00157140721506308
"12871"   "MTVR2"   296.258659317162   352.883915764119   239.633402870206   0.679071479784831   -0.558364652812845   0.000108152681984683   0.00351425987435943
"12880"   "MUC17"   3152.25529090892   2717.39556808766   3587.11501373019   1.32005625381018   0.400599410919877   0.000151378928104012   0.00456325395320767
"12884"   "MUC4"   795.90955409633   955.261543060085   636.557565132575   0.666369927437282   -0.585604800000314   3.89064395393002e-06   0.000253021368406356
"12891"   "MUM1"   348.71744412901   288.246834350119   409.188053907901   1.41957518746201   0.505459263085494   4.42240836472279e-05   0.00172000606150886
"12997"   "MYO9B"   311.420020671878   231.564537007216   391.27550433654   1.68970391318748   0.756770465205808   8.23200964772979e-09   2.00941347693853e-06
"13026"   "N4BP2"   45.5065749916423   58.2368396798162   32.7763103034685   0.562810593494966   -0.82927861094899   2.23685417689949e-05   0.00103640910196343
"13157"   "NCLN"   1175.12186522597   990.20557144764   1360.03815900429   1.37349071568641   0.457847158336274   4.57592731514605e-05   0.00174128823460006
"13264"   "NDC80"   522.946416110276   636.51542407154   409.377408149012   0.643153948305581   -0.636763985835855   6.30172986014397e-08   1.12620915072001e-05
"13275"   "NDRG3"   164.013999535337   133.795035527278   194.232963543395   1.45172025836336   0.537763477607875   0.0002474302242251   0.00691698794425921
"13276"   "NDRG4"   234.030092672194   275.045840603235   193.014344741152   0.701753367067211   -0.510964013969992   6.7218015490154e-05   0.00238630204337931
"13283"   "NDUFA11"   271.273469195588   208.568958833182   333.977979557995   1.60128324668446   0.679228524870658   2.06924740174023e-07   2.71830207166495e-05
"13396"   "NFE2L3"   9161.19792395857   10703.8499587063   7618.54588921083   0.71175753757778   -0.49054222856576   6.37691257785334e-06   0.000373217199293311
"13397"   "NFIA"   14.5784305886549   22.0634715442861   7.09338963302374   0.321499253586897   -1.63711270678276   4.56769254486033e-05   0.00174128823460006
"13415"   "NFYA"   339.946864486753   394.032172387306   285.8615565862   0.725477706183895   -0.462996813706461   0.000251723359792908   0.0070174021860931
"13456"   "NIPBL"   393.153502505788   493.03152199464   293.275483016937   0.594841242260621   -0.749423417331997   6.1493485049217e-09   1.61019810715621e-06
"13500"   "NLRC4"   12.6856477273045   20.851520619082   4.51977483552688   0.216759962886863   -2.20582978966565   4.9382951273029e-08   9.32499200642404e-06
"13559"   "NOL9"   170.936578956475   138.457296484185   203.415861428765   1.46915956467487   0.554991094780207   0.000141921909570648   0.00430410445752438
"13645"   "NQO1"   35.9372382575912   23.9373327482179   47.9371437669645   2.00261007653551   1.00188154475997   4.02129868633798e-05   0.00161184174556816
"13754"   "NUB1"   527.584878100889   423.612800896984   631.556955304795   1.49088260309296   0.576166659630932   4.48105551795563e-06   0.000282052852979245
"14282"   "OR7D2"   50.7180531252275   63.4325149390444   38.0035913114106   0.599118470203022   -0.739086783902178   0.000342754099808756   0.00877310238078269
"14378"   "OTOR"   171.471126511239   202.256293978271   140.685959044207   0.695582601050333   -0.523706248632073   0.000260347974269802   0.00715813880904445
"14402"   "OXCT2"   122.273031316788   161.982074921888   82.5639877116885   0.50971064391849   -0.972249614573078   7.68162270708122e-11   4.46669453312198e-08
"14518"   "PAQR4"   1749.14444752818   1493.26640493609   2005.02249012027   1.34270916662461   0.425146848096364   9.08928926422117e-05   0.00303218689854418
"14573"   "PAX7"   157.007835390042   97.7100558866955   216.305614893388   2.21374978174423   1.14649216474047   1.89042968077891e-14   4.72985506130883e-11
"14594"   "PCBP4"   265.754776897071   203.456189192594   328.053364601548   1.61240297433768   0.689212349588071   6.24710931041044e-07   6.29615773368429e-05
"14632"   "PCDHB16"   156.559944893043   116.952540969924   196.167348816162   1.67732438465453   0.746161724606756   1.75315419623722e-05   0.000850509383572578
"14641"   "PCDHB7"   37.4387983700684   23.1642135459177   51.7133831942192   2.23246876444605   1.15863999004122   7.06950617293451e-06   0.000397673364229111
"14642"   "PCDHB8"   86.5240297847108   48.7482120138327   124.299847555589   2.54983398202006   1.35040331723571   4.07162641070509e-08   7.83631483044933e-06
"14675"   "PCID2"   68.6064822575294   42.7952438998297   94.4177206152291   2.20626667851763   1.1416071846382   2.02799530874905e-09   6.34255532811264e-07
"14701"   "PCSK4"   3.06680380632373   0.335234049111468   5.79837356353599   17.2964935360966   4.11240768934919   2.94395402057244e-05   0.00125600386343994
"14728"   "PDDC1"   722.971204444019   530.302602755793   915.639806132246   1.72663645506168   0.787964354035843   5.26393875301596e-12   4.66008329960025e-09
"14761"   "PDGFRB"   1229.0206848355   1401.3717812588   1056.6695884122   0.754025164873119   -0.407315422014351   0.000230960500432991   0.00652952736817337
"14905"   "PGM2"   87.2560234615928   110.57096402926   63.9410828939252   0.578280956987989   -0.790157500480537   0.000337283275172846   0.00869982221115939
"15073"   "PITX3"   28.4216980774937   39.0984323519003   17.7449638030872   0.453853587872168   -1.13970113243269   4.53298265731541e-05   0.00173816438446025
"15075"   "PIWIL2"   4.82747979126341   1.31199395283469   8.34296562969213   6.3589970149377   2.66879923159689   0.000254643484368673   0.00703997787724222
"15096"   "PKLR"   69.3480561118312   50.4755278688829   88.2205843547796   1.74778923727048   0.805531223352611   0.000230829157720848   0.00652952736817337
"15098"   "PKMYT1"   151.678106384865   119.955855618103   183.400357151627   1.52889874534769   0.612492864238373   0.000238496373957796   0.00670469581620679
"15132"   "PLAA"   690.757722941574   784.532391320249   596.983054562898   0.760941244960284   -0.394143032586757   0.000344750564535191   0.00877929681900303
"15155"   "PLCD4"   34.3163318887425   22.6221492990642   46.0105144784208   2.03387016282861   1.024227584101   6.64328333739673e-05   0.00237449927288094
"15208"   "PLEKHO2"   101.190909734788   122.262325777085   80.1194936924919   0.655308110517791   -0.609754707320172   9.54529920887686e-05   0.00315278397631814
"15216"   "PLIN4"   4.089517235924   1.11372420696366   7.06531026488434   6.3438598359521   2.66536089585105   0.000282852512149301   0.00754876784424054
"15302"   "PNPLA2"   451.141343445139   360.522274951644   541.760411938633   1.50270995602504   0.587566575864672   0.000321451985554377   0.00835608174396936
"15358"   "POLR2E"   660.158689634376   535.471895920911   784.845483347841   1.46570807791519   0.55159779345703   1.96495264610142e-06   0.0001512711237091
"15368"   "POLR2L"   711.394077710339   605.008845242545   817.779310178134   1.35168157723428   0.434755328357624   0.000307803067421421   0.00810656078619362
"15381"   "POM121C"   7.27602380978488   2.78112431155972   11.77092330801   4.23243335764758   2.08148735214968   0.000207194195905299   0.00595861928913861
"15488"   "PPIL4"   69.4858811947869   92.2114860330946   46.7602763564792   0.507098175813988   -0.979663010285313   1.91447559983217e-06   0.000149688060961878
"15534"   "PPP1R3C"   49.6072345959252   62.8361261158817   36.3783430759686   0.578939939882354   -0.78851440630713   7.55701821170015e-05   0.00263521387674896
"15664"   "PRICKLE3"   13.5583802285293   5.60656948513738   21.5101909719212   3.83660472396592   1.93983013524315   9.99648520826843e-07   8.78458676588542e-05
"15670"   "PRKAA1"   1298.81443771052   1515.57905445395   1082.04982096709   0.713951421924963   -0.486102179921746   6.22462694971629e-06   0.000366447450075063
"15709"   "PRLR"   52.5078488468803   70.5411369737057   34.4745607200549   0.488715694119097   -1.03293266031661   1.99889774395013e-06   0.000151800770935153
"15848"   "PSD4"   348.685749129115   426.98013687639   270.391361381839   0.633264496470282   -0.659119896899201   3.23436947837136e-07   3.76390345808612e-05
"15851"   "PSENEN"   242.250442289961   298.510284570397   185.990600009526   0.623062620027298   -0.682550928326909   8.2139798475576e-07   7.68275797330435e-05
"15855"   "PSG2"   24.6381111287785   13.7726352274641   35.5035870300929   2.577835428277   1.36616016347176   3.74968896109221e-06   0.000248522431275568
"15864"   "PSIP1"   1768.51187056378   2066.63542116185   1470.3883199657   0.711488976192544   -0.491086691073841   6.2006612760847e-06   0.000366447450075063
"15933"   "PTCH1"   8.26441963707952   3.78443004581951   12.7444092283395   3.36759011899763   1.75171655370282   8.67880810284421e-05   0.00296442018748344
"15940"   "PTDSS2"   280.204837531495   226.456610366615   333.953064696375   1.47468896649001   0.560410701036797   3.47957407187181e-05   0.0014330690251561
"15941"   "PTEN"   72.6388721634913   96.8728921069401   48.4048522200425   0.499673863010174   -1.00094133947476   7.12968225425718e-08   1.23023896552769e-05
"16036"   "PUM2"   451.343049180306   517.257039437367   385.429058923246   0.745140287201285   -0.424416028243691   0.000406957855113044   0.00993374198529597
"16092"   "QRFPR"   11.575059712476   17.5209331323547   5.6291862925974   0.321283475604525   -1.6380813135068   0.00012148375405735   0.0038597124146221
"16096"   "QSER1"   311.985971579833   389.670536448902   234.301406710764   0.601280786702456   -0.733889235425302   1.77177872546789e-06   0.000139621743972305
"16125"   "RAB23"   140.393782674924   170.331489445106   110.456075904741   0.648477132822459   -0.624872393109382   0.000377906478706084   0.00943164099473938
"16135"   "RAB31"   1723.21719973759   1982.56599412307   1463.86840535211   0.73837058120207   -0.437583021859503   4.02638325731455e-05   0.00161184174556816
"16195"   "RAD1"   460.032231241983   532.517356958681   387.547105525285   0.727764269954782   -0.458456871990835   0.000275438109416468   0.00746469301752129
"16227"   "RAI14"   1627.98882712801   1868.3764705276   1387.60118372841   0.742677509386838   -0.429192205263455   0.000404878873306164   0.00990715834730584
"16251"   "RANBP9"   510.709160181728   596.735818676309   424.682501687148   0.711675901455333   -0.490707710176507   4.23600949235531e-05   0.0016756515019562
"16272"   "RARB"   89.9368252620939   123.168027778692   56.7056227454953   0.460392390526734   -1.11906410642171   3.00671725308675e-10   1.30831418560401e-07
"16285"   "RASAL2"   87.6358163172252   112.346849111664   62.9247835227861   0.560093887993633   -0.836259409878982   2.33258001230704e-07   2.88522865418664e-05
"16312"   "RASSF7"   167.102767641196   133.530995703411   200.67453957898   1.50283114809316   0.587682923097805   2.69195524616705e-05   0.00119208354440884
"16322"   "RBBP4"   201.959104534279   158.563157669271   245.355051399287   1.5473648166811   0.629813375951512   1.2312222250524e-05   0.000616103601416223
"16406"   "RCAN3"   645.5417869824   779.994421288798   511.089152676001   0.655247189885692   -0.609888833509054   1.81629695520276e-05   0.000865595234650915
"16423"   "RD3"   82.8827729336407   101.425436207445   64.3401096598369   0.634358717750472   -0.656629207254284   0.000192434393204104   0.00559849827670544
"16453"   "RELA"   475.091003881948   295.165953103916   655.01605465998   2.21914501917291   1.15000394946612   3.40129733129511e-13   3.9337853838015e-10
"16455"   "RELL1"   83.4147315059132   107.620420090403   59.209042921423   0.550165506431643   -0.862062404633436   5.62371465683098e-07   5.92443539848047e-05
"16577"   "RHO"   88.4195298915431   107.588120227099   69.2509395559872   0.64366715776622   -0.635613235697296   0.000379737120409645   0.00945375398273565
"16604"   "RICTOR"   425.809138151037   504.72531574551   346.892960556564   0.687290591010244   -0.54100788584484   6.11709128250941e-06   0.000364403866400918
"16705"   "RNF149"   1239.51480591419   1496.62814743359   982.40146439479   0.656409854431381   -0.607331197241455   7.07292754124518e-06   0.000397673364229111
"16762"   "RNH1"   1300.43883116491   1057.94535355069   1542.93230877914   1.45842344654261   0.544409660358887   8.08611009836139e-07   7.63450847777366e-05
"16799"   "ROS1"   62.0016124782334   79.6842171650317   44.3190077914351   0.556183010490612   -0.846368418982511   6.37321166196287e-05   0.00228613269938797
"16838"   "RPL15"   123.604051736206   155.203207244564   92.0048962278491   0.592802802604917   -0.754375826571116   2.66664615559979e-06   0.000194801421352137
"16876"   "RPL36"   970.169210301557   734.594627012053   1205.74379359106   1.64137300934993   0.714903135004886   5.5821096826319e-08   1.01574097643236e-05
"16910"   "RPRD2"   81.6377488131355   98.4354121596645   64.8400854666065   0.658706902770259   -0.602291426287157   0.000392561400385054   0.00971593741573131
"16941"   "RPS2P32"   26.5933484039703   13.9178119960742   39.2688848118663   2.82148406825317   1.49645420330651   3.41835586575971e-06   0.000229603392647806
"16951"   "RPS6KA3"   33.6118634112761   44.6986056810581   22.5251211414941   0.503933418017992   -0.988694964020807   3.44186033651341e-05   0.00142339414247216
"17029"   "RTEL1"   68.1775424040571   46.3580439169971   89.9970408911171   1.94134681463813   0.957057873364928   0.000319140705463823   0.00831760463615088
"17061"   "RUSC2"   467.992972843522   391.815914271696   544.170031415349   1.38884106437291   0.473881510218848   4.31872089053163e-05   0.001694970928331
"17140"   "SAMD9L"   16.2243604900854   23.2129792475836   9.23574173258719   0.39786972771057   -1.32963196047816   6.72399256827502e-05   0.00238630204337931
"17176"   "SBNO2"   282.436790004958   234.475850337384   330.397729672533   1.40909065559258   0.494764432205774   0.000313521460649403   0.00821393397429116
"17342"   "SEC23B"   126.874224511947   154.636484489696   99.111964534197   0.640935189785701   -0.641749613397409   3.92983051351888e-05   0.00158587676529423
"17358"   "SECTM1"   21.1743374229954   28.1384704398659   14.2102044061248   0.505009838274371   -0.985616601099387   0.000397837655532021   0.00975872366805017
"17359"   "SEH1L"   1211.78011729813   1431.56974787748   991.990486718789   0.692938984069457   -0.529199771754122   9.26135677412612e-07   8.42615078140493e-05
"17472"   "SERPINF1"   218.104867873107   262.545756178742   173.663979567472   0.661461766113033   -0.596270326793492   2.00108458738738e-05   0.000940227913172437
"17473"   "SERPINF2"   474.739442241861   366.238478925784   583.240405557938   1.59251536667759   0.671307293563268   1.89363541889398e-07   2.56101395571499e-05
"17585"   "SH3BP2"   722.576118474205   554.919816464663   890.232420483746   1.60425415360966   0.681902718542363   0.000371838589315067   0.009326718300414
"17647"   "SIAH2"   391.864097808644   490.708402192544   293.019793424745   0.597136287284867   -0.743867852592542   9.5295279349672e-09   2.21794222263144e-06
"17733"   "SLC12A2"   166.901813401107   207.132591535486   126.671035266727   0.611545649710204   -0.70946790005553   3.07658920091428e-06   0.000215318214844406
"17737"   "SLC12A6"   120.248020733892   80.9612550314602   159.534786436323   1.97050782345618   0.978567477381877   3.01955446506717e-06   0.000214324121180087
"17837"   "SLC25A22"   290.374716044705   239.134746541503   341.614685547907   1.42854474512184   0.514546225321808   5.97471111671713e-05   0.00217584437443685
"17846"   "SLC25A30"   553.491991676494   659.875932582263   447.108050770724   0.677563809640815   -0.561571276070373   9.7869263227274e-06   0.000512814443130135
"17881"   "SLC27A3"   46.8137505237345   31.8374700279674   61.7900310195016   1.94079589129483   0.956648401358961   5.33801612495757e-05   0.00200085638122005
"17893"   "SLC2A10"   20.0260198637018   12.3470359379822   27.7050037894215   2.24385868224411   1.16598181817238   0.000204346152118667   0.00591068292024166
"17907"   "SLC30A1"   398.745329829584   465.002034821022   332.488624838147   0.715026171801851   -0.483932045670861   5.48616306814276e-05   0.00204871343231242
"17913"   "SLC30A6"   16.5700446400155   24.8310342049232   8.3090550751078   0.334623802075082   -1.57938802573833   3.85716243577924e-06   0.000253021368406356
"17934"   "SLC35C2"   40.629065969312   52.9459135610126   28.3122183776114   0.534738499600834   -0.903094544607389   0.000140252761716874   0.00428266485523394
"17967"   "SLC39A1"   113.52682024039   89.0688344128811   137.984806067899   1.54919290206792   0.631516796502867   0.000166887090906975   0.00492686137403247
"17979"   "SLC39A8"   15.1338522226905   21.688126065152   8.57957838022895   0.395588736180137   -1.33792674687023   0.000140276862482906   0.00428266485523394
"18045"   "SLC6A6"   59.1667905662555   78.199219551159   40.134361581352   0.513232252338472   -0.962316260339111   4.18859961052357e-05   0.00166347241675079
"18053"   "SLC7A14"   88.6534930920224   124.700857360747   52.6061288232977   0.42185859774094   -1.2451685900862   4.10609036266441e-11   2.7395834899697e-08
"18074"   "SLC9A3R2"   261.389876403082   197.382093326732   325.397659479433   1.64856727373335   0.721212760833701   1.00941994212312e-06   8.78458676588542e-05
"18085"   "SLCO2A1"   111.099745106118   133.780178941592   88.4193112706442   0.66092983258191   -0.597430978312424   8.53089988850011e-05   0.00292387829055168
"18111"   "SLMO1"   39.7129119054632   27.4510441376866   51.9747796732398   1.89336257712272   0.920950712218715   0.000123346258648418   0.00389096284937285
"18156"   "SMCHD1"   1828.0746955756   2157.39355673877   1498.75583441244   0.694706735231953   -0.525524010455966   9.9713791831911e-07   8.78458676588542e-05
"18196"   "SMYD4"   243.739411942393   287.675461393623   199.803362491164   0.694544336604973   -0.525861302540326   4.37617415431118e-05   0.00171081058345103
"18509"   "SNORD17"   9.90027666778849   4.44373093191264   15.3568224036643   3.45583984245746   1.78903635874953   0.000347112313011505   0.00881700514877955
"18875"   "SPOCK2"   34.3357002570744   20.2646923877493   48.4067081263996   2.3887215853157   1.25623871193933   4.15794202151056e-06   0.00026504894109094
"18884"   "SPPL2B"   154.870195961546   103.127404714574   206.612987208518   2.00347315808404   1.00250318111463   1.55881753038465e-07   2.3786064624233e-05
"18907"   "SPRYD3"   589.933917025057   696.452140351751   483.415693698363   0.694111864534164   -0.526759905566098   0.00021357844871082   0.00610712318485111
"19068"   "STAG1"   3.3256562448224   6.21254527678638   0.438767212858417   0.0706259984129052   -3.82365683238374   0.000140019813572097   0.00428266485523394
"19108"   "STEAP4"   535.757170631018   639.603054264638   431.911286997398   0.675280213434837   -0.566441809545987   7.11896495307874e-07   6.91714575246719e-05
"19130"   "STK36"   155.780720932306   125.447447895852   186.11399396876   1.48360127759055   0.569103415318587   6.27532434389025e-05   0.00225911676380049
"19191"   "SUB1"   740.743417416104   895.007647487663   586.479187344545   0.655278409062565   -0.609820098107471   1.66942413230428e-07   2.42317996535128e-05
"19216"   "SULT2B1"   43.1691355629455   23.4635719736579   62.8746991522331   2.67967295102473   1.42205693324772   0.000275972863357602   0.00746469301752129
"19227"   "SUN1"   10.4027204041977   4.00287123624654   16.8025695721489   4.19762929669068   2.06957476419067   1.57483200488758e-06   0.000126087349639319
"19286"   "SYNGAP1"   241.680992184981   197.382978535014   285.979005834948   1.44885343182831   0.534911657096669   2.74961428037077e-05   0.00120970307680547
"19295"   "SYNPO"   253.143533186522   203.645543540607   302.641522832436   1.48611905554461   0.571549697278656   3.31935887649939e-05   0.00139007286447235
"19345"   "TACC3"   129.396886118644   77.0842743275495   181.709497909738   2.35728362879322   1.23712535436048   1.18209859178893e-05   0.000599846750848132
"19602"   "TECPR2"   398.656343721857   477.430792599605   319.881894844108   0.670006836179029   -0.57775227921058   3.18735665396006e-06   0.000219014981007435
"19659"   "TFDP1"   4.0182083597237   1.0670069318711   6.96940978757629   6.53173806036551   2.70746693624729   0.000301326943990866   0.00797798956471056
"19684"   "TGFBR2"   20.6157587830698   31.0717062139835   10.1598113521561   0.326979512556788   -1.61272785078076   2.65637431064364e-05   0.00118155529337429
"19719"   "THBS4"   21.8318986557326   31.1823568038706   12.4814405075946   0.400272519043376   -1.3209455248796   6.99893256821222e-06   0.000397673364229111
"19727"   "THOC1"   776.24090819898   897.186938434837   655.294877963122   0.730388339253242   -0.45326436219914   4.77528828986941e-05   0.00180758421886663
"19734"   "THOP1"   591.667468217034   495.686525025769   687.648411408299   1.38726468582649   0.472243075691806   7.91959512950173e-05   0.0027425366109361
"19772"   "TIMM13"   390.301342644079   307.642480498707   472.960204789452   1.53736962471098   0.620464069145743   6.32150687651093e-07   6.29615773368429e-05
"19830"   "TM2D2"   440.294966147268   533.97177566297   346.618156631566   0.649131981182359   -0.623416258821533   1.69487007968215e-07   2.42317996535128e-05
"19834"   "TM4SF19"   938.109740367534   1133.47599679986   742.743483935214   0.655279411326047   -0.609817891473726   0.00033816470425118   0.00870013460191724
"19912"   "TMEM129"   213.429084250266   166.883419601694   259.974748898839   1.55782251777516   0.639530876973995   7.61046926685516e-06   0.000420804289628102
"19936"   "TMEM14C"   195.371655880279   240.521323595199   150.22198816536   0.624568274945076   -0.679068805615056   2.21536947934173e-06   0.000164232724068533
"19960"   "TMEM170B"   463.632069960675   573.947338346298   353.316801575052   0.615590974936926   -0.699956014145841   1.6294774772332e-05   0.000796024904470318
"20028"   "TMEM231"   11.2330725771425   4.69032325698823   17.7758218972968   3.78989270532946   1.92215700520897   5.13635883071498e-06   0.00031387981209379
"20035"   "TMEM30B"   3805.37965478576   4318.79166272679   3291.96764684472   0.762242753049643   -0.391677565872794   0.000178003102173988   0.00520893288467039
"20038"   "TMEM33"   967.373894738692   1114.48125689716   820.26653258022   0.736007472089688   -0.442207682012658   7.41954980250225e-05   0.00260460988018352
"20184"   "TNFRSF6B"   39.7061331642026   27.9789580747121   51.4333082536931   1.83828533272579   0.878360714483044   9.24939058487334e-05   0.00307534554728945
"20238"   "TOM1"   280.561843941567   368.006324114012   193.117363769121   0.524766426865238   -0.930252671700403   2.02998782222064e-13   3.38601968746402e-10
"20261"   "TOPORS"   647.033309836001   745.196446329714   548.870173342287   0.736544271038349   -0.441155851787872   8.26935147772756e-05   0.00284397489996898
"20266"   "TOR2A"   11.9048796283101   6.4222136938765   17.3875455627436   2.70740688359878   1.4369117197799   4.46305953479962e-05   0.0017245675607828
"20267"   "TOR3A"   53.2713712856911   67.6262761304711   38.916466440911   0.575463690560599   -0.79720319190035   0.000159679066391888   0.00478463501931143
"20305"   "TPMT"   455.112274832826   547.041203475462   363.183346190189   0.663904919561475   -0.590951452560874   7.88120432138215e-06   0.000431011436330014
"20452"   "TRIM67"   408.109957211422   492.92312464115   323.296789781695   0.655876694803183   -0.608503482051314   5.91837742898622e-06   0.000356813983790928
"20471"   "TRIP13"   386.239912470545   444.3565649167   328.12326002439   0.738423342717803   -0.437479935334163   0.00016079125179665   0.00478928228565737
"20570"   "TSPAN4"   370.192440154991   284.544658480476   455.840221829506   1.60199887168426   0.679873131631707   1.38242884768994e-06   0.000112482503314479
"20630"   "TTC33"   399.726303686281   489.371980472853   310.080626899708   0.633629711697213   -0.658288108091659   2.14991348068871e-06   0.000161776948231072
"20733"   "TUBG2"   292.183803385946   361.083546258841   223.284060513052   0.618372293134044   -0.693452415750099   1.15227313163013e-06   9.69071386668432e-05
"20756"   "TWSG1"   3428.99787667476   4184.53202423385   2673.46372911567   0.638891927133753   -0.646356184645579   6.11153493415325e-10   2.5437894661758e-07
"20825"   "UBE2D4"   21.2908905796919   7.71164176336231   34.8701393960214   4.5217530152513   2.17688219213292   0.000116461408072283   0.00373572362816478
"20837"   "UBE2K"   1040.9493254387   1233.13157651143   848.767074365972   0.688302116767752   -0.538886148140261   3.52232324415698e-05   0.00144218890581144
"20839"   "UBE2L6"   14.4735477867935   8.14349788469613   20.8035976888908   2.55462676892033   1.35311252875184   0.000322977912710193   0.00837399728083837
"20897"   "UBXN6"   381.795410687826   309.56416204484   454.026659330812   1.46666415237384   0.552538549828161   4.55467861159092e-06   0.000284895147155012
"21033"   "USP14"   3961.38385156335   4604.69313145064   3318.07457167606   0.720585384726984   -0.472758704287983   4.33943621344771e-06   0.000274867579899903
"21056"   "USP34"   98.7674954720061   124.277426026249   73.2575649177633   0.589467993183979   -0.762514614724487   2.79500126076608e-06   0.000201240090775158
"21068"   "USP46"   513.981888272993   591.716025327285   436.247751218701   0.737258638512295   -0.439757273340147   0.000215981863794879   0.00615825211640784
"21084"   "UST"   151.674431004009   194.052616531631   109.296245476388   0.56322994984493   -0.828204043327057   5.44083029472731e-06   0.000330011088422006
"21113"   "VAPA"   2129.20460826461   2422.72142710533   1835.68778942389   0.757696600560954   -0.400307819696351   0.000112027663588416   0.00362839112360151
"21128"   "VBP1"   68.6602389199246   44.4398216015191   92.88065623833   2.09003215789586   1.06352514023916   3.57114825136594e-08   7.14801033993407e-06
"21200"   "VPS35"   12.768611570896   3.78124252378227   21.7559806180098   5.75365914277508   2.52447975573241   9.21500496860626e-09   2.19580404109075e-06
"21206"   "VPS39"   171.853287679409   240.558495194912   103.148080163906   0.428785855516475   -1.22167077890699   1.26921131288873e-15   6.35113340969518e-12
"21374"   "WFIKKN1"   283.152900767443   233.345347948429   332.960453586458   1.4268998997145   0.512884130012794   5.59164575346218e-05   0.00205739671693564
"21404"   "WNT2"   893.534706953432   1059.02372795089   728.045685955971   0.687468719293635   -0.540634024339627   5.82209074774612e-07   6.06952960452533e-05
"21416"   "WNT9A"   24.2559239778972   11.5807355603117   36.9311123954826   3.18901266704068   1.673109828114   1.56862536490745e-07   2.3786064624233e-05
"21421"   "WRNIP1"   357.489001326461   437.472251894333   277.505750758589   0.634339091352514   -0.656673843426592   2.82498523377939e-07   3.36576812138858e-05
"21505"   "YES1"   4125.7673666335   5100.36652216578   3151.16821110123   0.617831718055264   -0.694714157385031   1.96179208091564e-06   0.0001512711237091
"21528"   "YTHDC2"   108.044670240894   136.064733290463   80.0246071913246   0.588136288192273   -0.76577758690765   1.63054661687065e-05   0.000796024904470318
"21544"   "ZAN"   137.450907934803   82.3706430278565   192.531172841749   2.33737610590994   1.2248898960692   1.18674716894415e-05   0.000599846750848132
"21577"   "ZBTB41"   278.882037643036   372.319763213939   185.444312072133   0.498078078024493   -1.00555618000482   3.41464160589466e-14   6.83474663835875e-11
"21587"   "ZBTB6"   322.928670940825   396.728972484954   249.128369396696   0.627956077511188   -0.671264441778167   9.57130200599882e-08   1.54499339477478e-05
"21605"   "ZC3H3"   44.3822536819913   30.5344757009016   58.2300316630811   1.9070257578178   0.931324329977384   1.08545941237286e-05   0.000557091169180903
"21608"   "ZC3H7A"   135.90437414928   166.049289478958   105.759458819602   0.636916057584242   -0.650824850014885   2.92359874989305e-05   0.00125576722270084
"21622"   "ZCCHC18"   122.484546354899   150.622429536072   94.3466631737263   0.626378577641596   -0.674893222071188   7.84916817542593e-06   0.000431011436330014
"21641"   "ZDHHC15"   769.602023415436   927.633419081735   611.570627749137   0.65928050366548   -0.601035676474692   7.83362832612422e-08   1.328795801489e-05
"21648"   "ZDHHC21"   758.195411677166   907.529142527241   608.861680827091   0.670900417733764   -0.575829452908135   1.22433939442493e-06   0.000101266021978551
"21657"   "ZDHHC8"   128.320400567312   175.175699407583   81.4651017270407   0.465047960433685   -1.10454858573807   7.25453454443917e-10   2.79243775849028e-07
"21679"   "ZFP161"   334.171347906101   384.924822228008   283.417873584193   0.736294094892931   -0.441645963800383   0.000307116452236511   0.00810656078619362
"21699"   "ZFPM1"   29.855609295085   41.0954640909665   18.6157544992034   0.452988058682015   -1.14245507531631   6.05657551339496e-06   0.000362959327772795
"21701"   "ZFR"   938.143360526664   1085.53083748512   790.755883568205   0.728450870543825   -0.457096420075815   2.86792438477119e-05   0.00124304641755377
"21806"   "ZNF200"   8.64948060037814   3.02292315239217   14.2760380483641   4.72259377055843   2.2395794426648   6.48507762670979e-06   0.000376361920353297
"21838"   "ZNF248"   420.923432469823   507.866504087876   333.980360851769   0.657614467903518   -0.604686055382594   4.61525276252547e-07   5.13216107192833e-05
"21907"   "ZNF343"   776.979622256022   589.315180296758   964.644064215285   1.63688989604769   0.710957283468637   8.38629043282899e-10   3.10851832043528e-07
"21920"   "ZNF367"   465.641693425082   603.598011623064   327.6853752271   0.542886770527888   -0.881276767266913   2.3094917513789e-07   2.88522865418664e-05
"21963"   "ZNF440"   52.9060160933943   22.9831393859374   82.8288928008511   3.60389811896329   1.84955822720473   2.46903989502866e-10   1.15383828652578e-07
"21993"   "ZNF490"   81.7379612849344   52.6578623375479   110.818060232321   2.10449219381436   1.07347215830515   4.15471364366054e-09   1.22295218075749e-06
"22011"   "ZNF514"   66.5334319204858   35.0835783921867   97.9832854487849   2.79285323616266   1.48173976229543   6.35439015331683e-10   2.5437894661758e-07
"22015"   "ZNF518B"   457.771196038656   522.954098317791   392.588293759522   0.750712720336981   -0.413667166157686   0.000277067270951837   0.00747409500723986
"22083"   "ZNF597"   176.154382486694   131.848772023624   220.459992949764   1.67206709297423   0.741632737825013   1.21808516498896e-07   1.90478067675148e-05
"22110"   "ZNF630"   22.2013395663941   29.9290397634087   14.4736393693795   0.483598521161879   -1.04811826203665   0.000140787044101915   0.00428266485523394
"22197"   "ZNF75D"   304.060452734669   356.383459022324   251.737446447013   0.706366808206   -0.50151054176741   0.000100851783549008   0.00330926114674909
"22308"   "ZSCAN1"   355.599122647801   288.362015981846   422.836229313756   1.46633816480315   0.55221785410228   1.16138371821062e-05   0.000593016747543464
"22324"   "ZSWIM1"   214.067142591311   262.327826053148   165.806459129474   0.632058221287896   -0.661870638233991   3.29018050879525e-06   0.000224000860762061
