"id"   "baseMean"   "baseMeanA"   "baseMeanB"   "foldChange"   "log2FoldChange"   "pval"   "padj"
"92"   "ABHD16A"   32.2890581843467   20.6093122598872   43.9688041088062   2.13344354019928   1.09318393132538   2.29508928679534e-05   0.00174476679041811
"94"   "ABHD2"   41.1767158840426   26.0554265550602   56.298005213025   2.16070172921777   1.11149993130061   2.377974250583e-05   0.00177779260763532
"96"   "ABHD4"   337.682971279404   393.371362325173   281.994580233635   0.716866064084576   -0.480224497202621   7.72141009264613e-05   0.00460257461829265
"141"   "ACCN2"   429.753060717661   505.619091044532   353.887030390791   0.699908363150834   -0.514762048089773   1.99072020400729e-05   0.0015821701257758
"265"   "ADAM33"   250.396146393995   298.564605793967   202.227686994024   0.677333089956338   -0.562062616995203   1.78771089288039e-05   0.00147872670362673
"275"   "ADAMTS12"   265.697420521174   323.298384447306   208.096456595043   0.643666861963427   -0.635613898700394   1.70117593391919e-06   0.000241519559923579
"285"   "ADAMTS3"   110.16161998724   144.129923509169   76.1933164653112   0.528643286627874   -0.919633533610974   1.03865898492898e-07   2.27011904393541e-05
"323"   "ADD1"   275.490971492762   228.175837995063   322.80610499046   1.41472518662316   0.500521833692348   9.02842696774982e-05   0.00511985012533315
"442"   "AHSA2"   100.494066812639   150.273869184106   50.7142644411723   0.337478929081412   -1.56713066637939   7.53692514556284e-17   1.97674704255249e-13
"507"   "AKT2"   104.229344408594   81.7868694132118   126.671819403976   1.5488038643953   0.631154457374534   0.000147504464111087   0.00719753178134611
"528"   "ALDH4A1"   56.8070728177787   80.335971071974   33.2781745635835   0.414237534189624   -1.2714698123674   1.89783481016755e-05   0.00155548320261467
"601"   "AMH"   49.2980905389883   22.0345062666552   76.5616748113214   3.4746262922706   1.79685781948207   1.58660593182606e-13   2.37786897582673e-10
"607"   "AMMECR1"   98.4994107917736   128.647860520023   68.3509610635245   0.531302742130611   -0.912393936098541   1.49436930472296e-07   3.19947517874462e-05
"670"   "ANKRD12"   561.533037223932   703.924213382977   419.141861064887   0.595436061292081   -0.747981496973123   1.02444391579144e-10   7.16496074704534e-08
"763"   "ANXA2P2"   741.849055793466   869.499936495066   614.198175091866   0.706380931512984   -0.501481696384226   9.71050613157301e-05   0.00530588124095481
"781"   "AP1G1"   104.612024360478   131.99988852867   77.2241601922855   0.585032010655924   -0.773412529420217   2.64920800213422e-06   0.00033893708719988
"896"   "ARCN1"   112.899615464452   167.916097312497   57.8831336164066   0.344714619639381   -1.5365256089644   1.18557479988787e-12   1.38198502506929e-09
"899"   "ARF3"   278.399164168593   201.812428708721   354.985899628464   1.75898928475223   0.814746694360809   4.49095387641477e-06   0.000493658275263486
"962"   "ARHGEF2"   64.2750374996046   39.2418318868194   89.3082431123898   2.27584286508262   1.18640095061813   3.21283611045252e-09   1.16227115981922e-06
"1113"   "ASH1L"   29.6269734381239   11.3633446848938   47.8906021913539   4.21448116900111   2.07535503662859   1.03006906105735e-07   2.27011904393541e-05
"1127"   "ASPHD1"   19.6173220016362   7.51541343356593   31.7192305697064   4.22055697269287   2.0774333991029   4.53055011055102e-08   1.15926832219002e-05
"1129"   "ASPM"   85.5021379728113   118.88886705886   52.1154088867622   0.438353987013439   -1.18983172494527   6.38874212686729e-10   2.91409972404194e-07
"1148"   "ATAD3C"   49.1957931747542   29.2588553181533   69.132731031355   2.36279684490809   1.24049559061377   6.97953179224654e-06   0.000704060269542869
"1219"   "ATP2B4"   337.28524876532   425.78434610138   248.78615142926   0.584300840806448   -0.775216729570832   4.05099948895302e-09   1.37093663350343e-06
"1242"   "ATP5S"   23.9300230986479   32.940896726179   14.9191494711168   0.452906597993737   -1.14271453800429   0.000131141201098231   0.00664638811942771
"1333"   "B3GALT2"   64.3688335562578   83.3326131832766   45.405053929239   0.544865355768671   -0.876028332087578   1.28832498269107e-05   0.00113578297423631
"1336"   "B3GALT6"   52.2576031893082   31.9845513287975   72.5306550498189   2.2676777393002   1.18121563280784   9.66700715586666e-05   0.00530588124095481
"1365"   "BAAT"   119.142842860494   148.527987909765   89.7576978112229   0.604315045766009   -0.726627233303543   1.41233171144347e-05   0.00121327574477052
"1387"   "BAIAP2"   44.7941385806902   30.2425609936462   59.3457161677341   1.9623244268302   0.972563578909937   1.91893915151127e-05   0.00156058842158952
"1581"   "BOD1L"   484.714848675262   601.881339142651   367.548358207873   0.61066581451325   -0.711545010493231   2.83028494105098e-06   0.000357741196585131
"1607"   "BRCC3"   3495.38159454789   4001.27609157671   2989.48709751907   0.747133421713236   -0.420562195037461   0.00012466189515779   0.00647439575297214
"1608"   "BRD1"   230.90226871676   170.506922877535   291.297614555985   1.70842104027182   0.772663570892327   1.80964262226559e-08   5.13107047302388e-06
"1610"   "BRD3"   37.3230379700173   18.0317929868541   56.6142829531805   3.13969237526488   1.65062321184903   8.95269660558427e-07   0.000149083714427277
"1615"   "BRD9"   95.4087480338025   67.786495405327   123.031000662278   1.81497804137267   0.859952093788856   2.05399450987999e-07   4.14393392368289e-05
"1960"   "C15orf52"   373.098006096161   480.103046620403   266.09296557192   0.55424136015181   -0.851413719218849   7.70321203840287e-12   7.4225083957257e-09
"2056"   "C17orf76"   16.0246746283602   6.36984032011896   25.6795089366014   4.03142114182884   2.01128850199116   2.88431275125985e-06   0.000360230060398418
"2079"   "C18orf19"   543.179046244755   628.760358825167   457.597733664343   0.727777645714435   -0.45843035658525   0.000126945435238571   0.00652835569160711
"2122"   "C19orf52"   8.71293755198777   2.66526465907588   14.7606104448997   5.53814061002766   2.46940168332102   4.23864590207975e-06   0.000482769877506447
"2231"   "C1orf213"   534.430607630759   638.669368096024   430.191847165493   0.673575199712434   -0.570089073927461   1.42585873100918e-06   0.00021068568939461
"2239"   "C1orf27"   49.1338980430458   61.8914124733008   36.3763836127907   0.587745248639834   -0.766737123776324   0.000146063702551058   0.00716053412833248
"2300"   "C20orf186"   5.73383088958855   1.01193855106515   10.4557232281119   10.3323697047675   3.36909926576449   0.000101780364868538   0.00544784595834606
"2324"   "C20orf72"   34.7744218152656   22.0014587330278   47.5473848975034   2.16110147397304   1.11176681516856   2.37435480601269e-05   0.00177779260763532
"2548"   "C5orf20"   288.948470585921   345.707941814792   232.188999357049   0.671633397075503   -0.574254124592667   7.31747186261605e-06   0.000724222616138726
"2565"   "C5orf42"   185.55228942911   234.308281838353   136.796297019867   0.583830396205292   -0.776378770458516   3.7591393375827e-07   7.1703874164691e-05
"2809"   "C9orf82"   439.274368775131   509.149500275229   369.399237275033   0.725522144429775   -0.462908445900014   9.48834268063002e-05   0.00526678323081955
"2862"   "CACNB1"   65.7649047848202   90.2586858548352   41.2711237148053   0.457253762603883   -1.12893305336033   1.69671540652027e-08   4.94451148050115e-06
"2872"   "CACNG7"   15.0392646383507   7.12899189371873   22.9495373829827   3.21918410416531   1.68669508646803   7.13546659088753e-06   0.000712935047666676
"2974"   "CASC2"   90.2396279890279   120.045930710443   60.4333252676128   0.503418357540009   -0.990170268438049   1.57683511293772e-08   4.86546387347929e-06
"3382"   "CD99L2"   9.71380581677916   4.34814713538938   15.0794644981689   3.46802075197452   1.79411253139745   0.000138076748788163   0.00693092426572542
"3402"   "CDC37L1"   360.403738330865   421.743404970135   299.064071691594   0.709113807512348   -0.495910906974935   8.61310415161894e-05   0.00494779979780564
"3445"   "CDH3"   687.981078818858   796.176145288532   579.786012349184   0.728213242484263   -0.457567118602786   0.000177501165357908   0.00837595298060837
"3570"   "CELSR3"   241.832220416639   196.161780656873   287.502660176405   1.46564055043579   0.55153132469332   5.41891276547676e-05   0.00342468757967571
"3600"   "CEP192"   585.046230192409   696.33746906279   473.754991322029   0.680352576689091   -0.555645512028184   1.77839284159512e-06   0.000245185655467945
"3716"   "CHMP5"   659.862931090253   777.756712267565   541.96914991294   0.696836351733717   -0.52110820818077   4.6729847346605e-06   0.000500247784197176
"3791"   "CIRBP"   1119.03030829743   936.31993909845   1301.74067749642   1.39027337039283   0.475368588943696   3.90520426557705e-05   0.00264319341613992
"3805"   "CKAP5"   118.408534059927   155.87120858772   80.9458595321347   0.519312452027218   -0.945325276235119   4.22599243485237e-07   7.88868838702266e-05
"4116"   "COQ10A"   3974.65815615774   4585.47770833343   3363.83860398206   0.733585204845458   -0.446963552343886   2.59501792508567e-05   0.00190379951413103
"4436"   "CTR9"   3680.39072733225   4203.11028539718   3157.67116926732   0.751270120186469   -0.412596370921057   0.000132340018214416   0.00667489966868959
"4818"   "DDX59"   16.0732390156063   23.1025253850457   9.04395264616702   0.391470304455166   -1.35302522093461   9.83162378547894e-05   0.00532563235907711
"4880"   "DEK"   5910.34287267588   6775.49657498386   5045.18917036789   0.744622791043165   -0.425418320731578   7.15430524368215e-05   0.00436371025066683
"4891"   "DENND4C"   939.425178129926   1076.63390286448   802.216453395376   0.745115355610678   -0.424464300071827   0.000178840288595584   0.00837595298060837
"4904"   "DERL3"   193.891740314556   149.362559833416   238.420920795696   1.59625625766997   0.674692275615851   1.36696472375492e-06   0.000204868955955899
"5043"   "DLGAP3"   92.8691508268246   116.990806079103   68.7474955745459   0.587631608658737   -0.767016094451419   4.37758058971846e-06   0.000488565935816344
"5326"   "DUSP28"   70.7881823587892   52.3494100464447   89.2269546711337   1.70445005191025   0.769306322612378   6.99272633762664e-05   0.00429009894783866
"5421"   "EDC3"   78.6629973901222   99.7070739015785   57.6189208786659   0.57788197591218   -0.791153221803108   0.000215076629314526   0.00968398677312742
"5708"   "EPHB3"   158.675590110202   198.06380397079   119.287376249615   0.602267420185504   -0.731523876823333   3.24849142256327e-06   0.000391723258782888
"5769"   "ERMP1"   3219.71962467604   3745.41829719186   2694.02095216023   0.719284399870657   -0.475365780193512   8.71735472447381e-06   0.000819497129152457
"6110"   "FAM20B"   216.891710800306   256.038131150134   177.745290450478   0.694214137761584   -0.526547348748696   0.000190766486404192   0.00877776845994024
"6436"   "FDPS"   4.3618788674528   0.57433874172448   8.14941899318112   14.1892204045162   3.82672342075972   4.28508185870372e-05   0.00284524011263676
"6561"   "FLAD1"   53.3858955432546   37.2731676323213   69.4986234541879   1.86457518555311   0.898846972299363   4.27963002650839e-06   0.000482769877506447
"6586"   "FLJ25328"   13.809446427675   4.44078264647333   23.1781102088766   5.21937506382655   2.3838770776205   4.5643744829433e-06   0.000493658275263486
"6671"   "FLNB"   87.9307932590734   135.753992199084   40.1075943190626   0.295443203322113   -1.75904728482708   1.35063561947528e-15   2.83390365678304e-12
"6829"   "FSIP2"   825.119692953242   1039.45557009969   610.78381580679   0.58759973333753   -0.767094353711874   8.4901440042616e-12   7.4225083957257e-09
"7049"   "GBP2"   44.5495592151196   58.8833739226401   30.215744507599   0.513145604518109   -0.962559847786371   6.03168996276442e-05   0.00378912930535099
"7126"   "GFPT2"   409.627387243704   504.171223187543   315.083551299866   0.624953461857263   -0.678179333668689   2.31064219792983e-08   6.37919665749521e-06
"7151"   "GH1"   13.772504837049   19.880514185065   7.66449548903308   0.385528030999869   -1.37509233535846   0.000187485334300291   0.0086647957803716
"7222"   "GLG1"   135.839375494847   173.947237267784   97.7315137219093   0.561845737000445   -0.831754023185739   5.97466619687007e-08   1.45767960631079e-05
"7350"   "GOLGA5"   18.1661654597481   25.8392074998958   10.4931234196004   0.406093082368828   -1.30011764314147   9.84818108532037e-05   0.00532563235907711
"7377"   "GON4L"   43.0564638284187   28.6937753420232   57.4191523148143   2.00110134098393   1.00079423092822   1.99009864785547e-05   0.0015821701257758
"7522"   "GPR78"   45.8066294629307   28.561406661696   63.0518522641654   2.2075891783273   1.14247171852239   4.70177997962331e-05   0.00310228765825334
"7730"   "GULP1"   43.4875108887057   58.2154053617479   28.7596164156635   0.494020719033949   -1.01735654574804   5.17733112750035e-06   0.000532503733907903
"7992"   "HIRIP3"   158.801650745793   114.091133212569   203.512168279016   1.78376848882587   0.8349283833656   6.54701727075116e-08   1.56101723153296e-05
"8065"   "HIVEP1"   364.698585874053   436.584097409637   292.81307433847   0.670691113294788   -0.576279608520499   9.3574707967143e-05   0.00524969123680908
"8312"   "HSP90AB2P"   44.1844605088194   58.3619821548899   30.0069388627488   0.514152154447253   -0.959732731610551   0.000139040138967528   0.00693268009825362
"8387"   "HYAL3"   160.120958434516   118.6255278219   201.616389047131   1.6996037256823   0.765198411282948   4.28610464264886e-07   7.88868838702266e-05
"8588"   "IL1F9"   54.4401851067661   70.1020387187669   38.7783314947654   0.553169810800154   -0.854205671221366   3.12443903437554e-05   0.00221476283173201
"8781"   "IRGQ"   64.7358893569   43.7519754658088   85.7198032479911   1.95922132281728   0.970280380400477   1.08102625453902e-06   0.00016926934979655
"8783"   "IRS2"   139.544243714149   181.891771825012   97.1967156032863   0.534365653971383   -0.904100812445066   5.46725264867731e-10   2.60713397896699e-07
"8882"   "JAK2"   372.492214362898   450.277006947721   294.707421778075   0.654502488980727   -0.611529416340492   8.65108952587398e-06   0.000819497129152457
"8906"   "JPH3"   17.6549606236307   8.74086076013898   26.5690604871224   3.0396389115687   1.60389995148793   2.12788227623092e-05   0.00164144212940725
"9123"   "KIAA0317"   55.2973457681596   71.9868542099313   38.6078373263879   0.536317884009739   -0.89883973273977   3.2160305488799e-05   0.00226438768377846
"9149"   "KIAA0895"   425.026408400447   574.599631538644   275.45318526225   0.479382808730056   -1.06074992182981   5.67327562514001e-17   1.97674704255249e-13
"9154"   "KIAA0947"   905.166960331845   1072.29926464762   738.034656016072   0.688273022604941   -0.538947131377881   1.49817973310201e-06   0.000218297271944072
"9161"   "KIAA1143"   19.2925085836063   27.3006345607987   11.284382606414   0.413337740603925   -1.2746069970924   7.52746146102914e-05   0.0045179382623834
"9168"   "KIAA1217"   31.0718947015896   41.8356798958728   20.3081095073065   0.485425587867881   -1.04267793671325   0.000141935401346763   0.00699081828886804
"9188"   "KIAA1467"   350.622005545508   429.845474843136   271.39853624788   0.631386282121317   -0.663405178757431   4.80397455288762e-07   8.68939604040414e-05
"9215"   "KIAA1841"   48.8950834152509   69.1059139085052   28.6842529219966   0.415076674334616   -1.26855023441611   3.42166649301563e-09   1.19655677260757e-06
"9226"   "KIAA2026"   599.391650165233   701.664705198977   497.118595131489   0.708484538908817   -0.497191724994541   2.40631541592046e-05   0.00177779260763532
"9611"   "LAPTM4A"   378.287228554025   458.142445219357   298.432011888692   0.651395684907133   -0.618393932082776   1.30497399889934e-06   0.000198412785832651
"9677"   "LCORL"   173.44417487515   206.289643198442   140.598706551858   0.681559696220951   -0.553088070035689   8.54590748480436e-05   0.00494779979780564
"9734"   "LGALS3"   35.5993235501018   47.5059428355545   23.6927042646492   0.498731376549317   -1.00366512515456   1.04200590143781e-05   0.000958919641402114
"9764"   "LHX4"   629.328478630644   737.374619370538   521.282337890751   0.706943694828749   -0.500332780031076   5.36382258039891e-05   0.00342213770129638
"9839"   "LMBRD2"   69.6830267798474   96.7498438453766   42.616209714318   0.44047833071882   -1.18285704721376   1.97757426335616e-09   7.97951215264211e-07
"9843"   "LMLN"   276.134448481278   334.032089903066   218.236807059491   0.653340842560431   -0.614092264550413   4.90429752519409e-06   0.000514509853368112
"9904"   "LOC100129066"   380.652369866402   489.167732356739   272.137007376065   0.556326571388812   -0.845996081340802   5.89933575455847e-07   0.000101458903936185
"9943"   "LOC100130274"   223.66621465412   267.669865591393   179.662563716847   0.671209526406339   -0.575164902945069   2.4035389458795e-05   0.00177779260763532
"9980"   "LOC100131496"   142.767209461426   110.605817682497   174.928601240355   1.58154973133964   0.661338921665631   8.45823554785892e-06   0.000814085771858605
"10069"   "LOC100286844"   93.8247149265408   122.037603653058   65.6118262000239   0.537636140304366   -0.89529797446894   6.5417749068629e-07   0.00011069316217403
"10357"   "LOC286002"   76.5426025645578   97.2906719854134   55.7945331437021   0.573482863311575   -0.802177718297156   3.51500053190304e-05   0.00242604411711808
"10420"   "LOC387646"   1387.96685956293   1617.77031260782   1158.16340651804   0.715901013569164   -0.482167972628676   8.76369148537606e-06   0.000819497129152457
"10512"   "LOC407835"   348.648144850732   432.831214153121   264.465075548344   0.611012022471155   -0.710727327627527   9.2180306443105e-09   3.02207373404567e-06
"10718"   "LOC728554"   26.0629529173518   16.8817920106746   35.244113824029   2.08769980116706   1.0619142758425   3.04332883711486e-05   0.00217194304967156
"10843"   "LRDD"   202.367110184453   151.330025528814   253.404194840093   1.67451365949743   0.743742144577818   4.16148790157077e-06   0.000482769877506447
"11076"   "MAFA"   287.223874499036   212.468250941521   361.979498056551   1.70368747543453   0.768660711741721   2.98866648700083e-07   5.8063148361344e-05
"11155"   "MAP1B"   43.2888073659181   60.6676243133762   25.90999041846   0.427081012512093   -1.2274183358995   4.0331590322768e-08   1.0577967851904e-05
"11168"   "MAP2K7"   6.45189640929345   1.65861439541344   11.2451784231735   6.77986303161827   2.76125612799273   1.39298742470042e-05   0.00121327574477052
"11272"   "MBD3"   1096.04964044437   904.619557798427   1287.47972309031   1.42322782211746   0.509166618667788   5.38225832345727e-05   0.00342213770129638
"12497"   "MLL"   449.545802927364   533.664408859183   365.427196995546   0.684750923856288   -0.546348787491596   4.5455209286024e-06   0.000493658275263486
"12546"   "MMP7"   402.163051331425   508.945044943674   295.381057719175   0.580379081501551   -0.784932573342521   2.38257815109099e-10   1.38864596572753e-07
"12604"   "MPDZ"   516.388978795311   620.406917179223   412.371040411399   0.664678340928738   -0.589271751588728   9.87061786393282e-07   0.000158519618810487
"12653"   "MRI1"   52.1251516910395   31.6699454070861   72.5803579749929   2.29177401609139   1.19646479194042   3.28377880447335e-05   0.00229571131844311
"12884"   "MUC4"   1071.56215535325   1257.06501503809   886.059295668416   0.704863539330596   -0.504584114236632   8.26067759098193e-05   0.00484149545290455
"13026"   "N4BP2"   46.7645941067456   58.8966096556973   34.632578557794   0.588023296421509   -0.766054781720288   0.000178706390985276   0.00837595298060837
"13264"   "NDC80"   372.045532466414   430.816265020435   313.274799912392   0.727165674437878   -0.459643995585056   0.000198200368469278   0.00908000028651179
"13276"   "NDRG4"   361.888816463503   424.866428236821   298.911204690184   0.703541595250663   -0.507292372935337   7.92938349020681e-05   0.00467343607841347
"13456"   "NIPBL"   633.959298554829   801.807968626399   466.110628483259   0.581324514997983   -0.782584345236774   3.86078285482558e-10   2.02517364649876e-07
"13559"   "NOL9"   120.223382263019   81.7710605501762   158.675703975862   1.94048729352722   0.956418986266737   2.88961576087221e-09   1.11000756460274e-06
"13798"   "NUP153"   882.968160006172   1016.83962182552   749.096698186821   0.736691098682774   -0.440868284004025   0.000101627486921502   0.00544784595834606
"13836"   "NXPH3"   825.489086972075   963.777631758292   687.200542185858   0.713028108913616   -0.487969143336098   2.85895770762323e-05   0.00206850519383968
"14402"   "OXCT2"   182.342790599471   238.378473706071   126.307107492872   0.529859536094744   -0.916318137924   1.76293655922316e-10   1.08793926134178e-07
"14573"   "PAX7"   166.457460067231   112.530507521341   220.38441261312   1.9584414703837   0.969706012818172   3.22553181626601e-11   2.41707530603191e-08
"14594"   "PCBP4"   207.856237324999   169.803400170239   245.90907447976   1.44819876535582   0.534259625980147   8.48252430809878e-05   0.00494389791757024
"14632"   "PCDHB16"   86.7254759968003   64.0157913816641   109.435160611937   1.70950258131593   0.773576601214638   6.1286599947031e-05   0.00382712928597799
"14641"   "PCDHB7"   16.1634197587755   7.55687067515641   24.7699688423947   3.27780769410639   1.71273121535945   1.75901220933566e-06   0.000245185655467945
"14728"   "PDDC1"   897.242492140678   622.781727134362   1171.70325714699   1.88140275492413   0.911808721978527   2.4799109350358e-15   4.3361242699101e-12
"14944"   "PHF2P1"   35.9255452232999   14.9840813381387   56.8670091084612   3.79516153344141   1.9241612923694   0.000170147159946955   0.00815074819636305
"15022"   "PIK3C2A"   36.3668650433327   52.4366988536983   20.2970312329671   0.387076831239836   -1.36930813821483   6.90357275161266e-08   1.60945292749263e-05
"15080"   "PKD1"   46.1731776034329   32.0100698526973   60.3362853541685   1.88491576656414   0.914500053533474   8.6307059670044e-05   0.00494779979780564
"15098"   "PKMYT1"   136.487263653962   102.259770313858   170.714756994065   1.66942245684792   0.739349083087114   2.1083606279663e-05   0.00163843047022181
"15132"   "PLAA"   820.157926523802   944.770679221362   695.545173826241   0.736205292060374   -0.441819974611441   0.000120323123325041   0.0062801486905622
"15282"   "PNKD"   15.2918641772545   7.72449434634129   22.8592340081676   2.95931785088236   1.56526466012241   2.59426439946801e-06   0.00033600528166443
"15785"   "PRR24"   13.5835418752061   6.78932076063247   20.3777629897797   3.00144354762837   1.58565653342458   3.97004751702605e-05   0.00266985695520002
"15848"   "PSD4"   264.940549669007   319.249285670998   210.631813667016   0.659772231672532   -0.599960035492194   4.26442813634876e-06   0.000482769877506447
"15933"   "PTCH1"   51.1236596694406   22.757957637647   79.4893617012342   3.49281613784798   1.80439070113633   7.94011520004384e-12   7.4225083957257e-09
"15941"   "PTEN"   118.878140791102   160.307366458724   77.448915123481   0.483127611876916   -1.0495237863535   3.29566441183238e-10   1.8197271233965e-07
"16092"   "QRFPR"   21.1585143498277   31.2416165361305   11.0754121635248   0.354508293471828   -1.49610871619346   8.92296623699769e-05   0.00508754558654037
"16149"   "RAB3D"   114.459199768835   143.498570725718   85.4198288119525   0.595266060002947   -0.748393455621822   1.23105865194351e-05   0.00110384925790935
"16272"   "RARB"   67.9266400792375   92.3796231077751   43.4736570506999   0.470597904474899   -1.08743319848665   2.96255950899596e-09   1.11000756460274e-06
"16285"   "RASAL2"   201.340454268545   254.179104188594   148.501804348496   0.58424080461906   -0.775364972314656   5.04589325610135e-08   1.26039205118474e-05
"16406"   "RCAN3"   590.62531155668   728.821671199381   452.42895191398   0.620767699140234   -0.687874604215693   2.25706417508094e-06   0.00029973240836423
"16453"   "RELA"   324.70544553902   161.020214535331   488.390676542709   3.03310163852468   1.60079384314463   3.42229876503724e-20   1.79516681720028e-16
"16508"   "RFX3"   111.07862454155   136.65424485635   85.5030042267493   0.625688607892346   -0.67648325820961   2.15193999515242e-05   0.00164788339336818
"16762"   "RNH1"   2069.53694378694   1785.83396312115   2353.23992445273   1.31772604455338   0.398050464999959   0.000148965688583268   0.00723518073577347
"16910"   "RPRD2"   93.1603752329591   123.031950809055   63.2887996568635   0.514409462263079   -0.959010914440656   2.51251660967443e-08   6.75866968002422e-06
"16951"   "RPS6KA3"   81.1529827197868   102.73360724935   59.5723581902236   0.579872154645874   -0.786193232904052   3.30428375831578e-05   0.00229571131844311
"17472"   "SERPINF1"   147.274778466483   181.490353948402   113.059202984565   0.622948826342074   -0.682814440490125   5.66047784705279e-06   0.000576544398965347
"17473"   "SERPINF2"   359.473419315205   304.675519287817   414.271319342594   1.35971318047134   0.443302359746519   0.000215006252021009   0.00968398677312742
"17494"   "SETD6"   68.4186037841789   86.9630010809578   49.8742064874   0.573510640933031   -0.802107840592389   3.88513320817651e-05   0.00264319341613992
"17608"   "SHANK2"   388.765311836099   452.910024439638   324.620599232559   0.716744125136545   -0.480469920564372   0.000201300789113102   0.00914219298088984
"17682"   "SIRPB2"   14.5643374621829   7.13163887917982   21.9970360451859   3.08442931811989   1.62500358626964   2.00639565692381e-05   0.00158263885990885
"17690"   "SIRT6"   96.2031984780214   69.9070328411445   122.499364114898   1.75231817367022   0.80926475319259   3.10423410324489e-06   0.00037868046485049
"17733"   "SLC12A2"   127.647964070318   155.661795267291   99.6341328733451   0.640067992934688   -0.643702927494403   1.40113020873869e-05   0.00121327574477052
"17846"   "SLC25A30"   357.24174990388   438.467479107744   276.016020700016   0.629501693630033   -0.667717835468308   2.64981818518893e-07   5.24514010958812e-05
"17881"   "SLC27A3"   40.7965917137288   25.8891247651024   55.7040586623552   2.15163931449094   1.10543625502861   4.91433380993781e-05   0.00321007980468343
"17907"   "SLC30A1"   375.606258503229   445.712828954722   305.499688051735   0.685418206983604   -0.54494357975032   1.15017760590172e-05   0.00104021666064784
"17913"   "SLC30A6"   28.8670799864441   40.9975859287871   16.7365740441012   0.408233159707809   -1.29253472142651   4.96908416094999e-06   0.000516145167648776
"17979"   "SLC39A8"   15.6250954138877   22.4046655876844   8.8455252400909   0.394807287146173   -1.34077947633768   0.000110339056414329   0.00578783520421361
"17993"   "SLC44A4"   6.78477242157921   2.16458651270575   11.4049583304527   5.26888542615762   2.39749780812069   7.53635683840526e-05   0.0045179382623834
"18053"   "SLC7A14"   136.350271995036   181.579047398892   91.1214965911802   0.501828255498032   -0.994734390742001   1.27519863807316e-08   4.05397239758348e-06
"18085"   "SLCO2A1"   161.402397751644   206.751723440474   116.053072062815   0.561316104802521   -0.833114642419116   1.68946723080723e-08   4.94451148050115e-06
"18156"   "SMCHD1"   896.667843087661   1029.37755176061   763.958134414708   0.742155425002283   -0.430206741735699   0.00013943337153098   0.00693268009825362
"18196"   "SMYD4"   186.705646158032   242.222519658471   131.188772657593   0.54160435967129   -0.884688742882069   4.70784975249522e-10   2.35190722635369e-07
"18197"   "SMYD5"   156.306155919492   194.884563779865   117.727748059119   0.604089650692399   -0.727165424456989   0.000171713569061344   0.0081883956955571
"18247"   "SNHG1"   11.1353127052558   4.47344826254585   17.7971771479658   3.97840236512256   1.99218919392212   7.30434181084794e-05   0.00442947109465929
"18509"   "SNORD17"   9.88542549189759   4.02877441076327   15.7420765730319   3.90741078253858   1.9662129327109   3.64456812688885e-05   0.00249903034112359
"18875"   "SPOCK2"   32.0412564333376   18.522754983089   45.5597578835863   2.45966423057379   1.29846138631726   1.27586765903503e-05   0.00113433284838445
"18884"   "SPPL2B"   124.4380077093   92.0169197467427   156.859095671857   1.7046766627657   0.769498119741212   0.000179830839157281   0.00838491259377348
"19153"   "STRADA"   47.7922324223185   62.6585001255161   32.9259647191208   0.525482810044356   -0.928284524361929   1.07343216890153e-05   0.000979250163821385
"19164"   "STUB1"   37.0773830717598   25.1051803598502   49.0495857836693   1.95376352930379   0.966255863547093   2.03222840879392e-05   0.00159105285348187
"19191"   "SUB1"   513.75921225653   614.546514184636   412.971910328423   0.671994553376229   -0.573478555110929   2.51720455335515e-06   0.000330099912115611
"19286"   "SYNGAP1"   318.52302877158   267.022925468097   370.023132075063   1.3857354436006   0.470651852975399   0.000182890388687543   0.00848983658283637
"19295"   "SYNPO"   130.246498898158   105.077302287857   155.415695508459   1.47906057849393   0.564681142702694   0.000221026539818558   0.00990935653519867
"19307"   "SYT11"   64.9827392272892   81.6117232648279   48.3537551897505   0.592485408411776   -0.755148470785645   0.000108528520064979   0.00572147087438038
"19345"   "TACC3"   36.3008849793634   19.6701089738074   52.9316609849194   2.69096938178649   1.42812597589246   2.9379030416102e-05   0.00211106443900908
"19391"   "TAOK2"   290.587091814374   240.663998388899   340.510185239848   1.41487795232922   0.500677611245555   0.000129873116852306   0.00661407217911429
"19504"   "TBX19"   48.3661888985655   31.9430324045151   64.7893453926159   2.02827785953904   1.02025530476722   4.05275760644641e-06   0.000482769877506447
"19602"   "TECPR2"   312.478773787827   375.977283185634   248.98026439002   0.662221563708383   -0.594614105371671   1.70359807781383e-06   0.000241519559923579
"19858"   "TMCC1"   51.9497233887654   29.987122152952   73.9123246245789   2.46480219901005   1.30147187461238   1.79957062920901e-06   0.000245185655467945
"19935"   "TMEM14B"   208.639503287062   263.28516109499   153.993845479133   0.584893751089808   -0.773753519246823   7.1598506508836e-08   1.63291289518304e-05
"19936"   "TMEM14C"   171.262485338578   206.71249555417   135.812475122987   0.657011443642492   -0.606009595660167   1.98969390941377e-05   0.0015821701257758
"20029"   "TMEM232"   8.71977003976048   14.3982950356514   3.0412450438696   0.211222581308358   -2.24316401681927   1.95907851400453e-06   0.00026349606013361
"20073"   "TMEM63A"   6.57769652981129   1.80243305375861   11.352960005864   6.29868609110871   2.65505091313061   8.82691598457989e-06   0.000819497129152457
"20238"   "TOM1"   353.858282511244   417.880144168638   289.83642085385   0.693587443429435   -0.527850314358268   1.65002297490189e-05   0.00138483128237566
"20261"   "TOPORS"   802.086867839755   927.964520996142   676.209214683367   0.728701582208636   -0.456599971707079   4.92634494856575e-05   0.00321007980468343
"20309"   "TPPP"   20.8277323463174   11.5574057210763   30.0980589715586   2.60422275534303   1.38085285644672   9.97263830091708e-07   0.000158519618810487
"20570"   "TSPAN4"   203.098302267254   163.628827546178   242.567776988331   1.4824269086685   0.567960974180368   9.57602133116305e-05   0.00528747577817008
"20756"   "TWSG1"   2435.54386125786   2843.89370201516   2027.19402050057   0.712823414976486   -0.48838336729291   4.87218305477446e-06   0.000514509853368112
"20839"   "UBE2L6"   16.5409731878739   9.26666902358279   23.8152773521649   2.56999330520572   1.36176460122495   7.9128091147621e-05   0.00467343607841347
"20916"   "UFC1"   2.23758608724669   0   4.47517217449338   Inf   Inf   0.000161703227723249   0.00778178239470002
"21033"   "USP14"   2397.20898278502   2751.45901781061   2042.95894775943   0.742500227891839   -0.4295366261748   6.99020813579752e-05   0.00429009894783866
"21056"   "USP34"   100.452470504198   128.103413820519   72.8015271878776   0.568302787698361   -0.815268302621934   5.74182849716246e-07   0.000100395871272886
"21200"   "VPS35"   17.2166829995237   9.02227958128986   25.4110864177576   2.81648182023248   1.49389415932996   5.18890587300285e-05   0.00333968168795539
"21206"   "VPS39"   170.680733571275   229.393382538386   111.968084604164   0.488105120405675   -1.03473620866462   1.74599346693426e-11   1.40901672781594e-08
"21416"   "WNT9A"   23.9922483942194   13.8984781197031   34.0860186687356   2.45250007771813   1.29425318216258   1.4949153693446e-05   0.00126477073708018
"21421"   "WRNIP1"   387.07934086453   452.504102427557   321.654579301503   0.710832404780237   -0.492418643754128   6.91948341290219e-05   0.00429009894783866
"21577"   "ZBTB41"   200.510984718916   289.169550741039   111.852418696793   0.386805659206356   -1.37031919239624   1.32723290136547e-22   1.39240003682252e-18
"21605"   "ZC3H3"   26.0487001695163   17.0979412823724   34.9994590566602   2.04699843558031   1.03350999978126   0.000104814953076035   0.00555360440768024
"21622"   "ZCCHC18"   162.314780540822   193.358942597828   131.270618483815   0.678896029943895   -0.558737446145583   0.000172703614099507   0.00819834215166483
"21641"   "ZDHHC15"   1320.57292243363   1555.0223169976   1086.12352786967   0.698461697943174   -0.51774709121043   2.96302701456276e-06   0.00036570725187974
"21657"   "ZDHHC8"   161.317599267049   215.566345427273   107.068853106824   0.496686312024279   -1.00959310620925   1.30725488651441e-09   5.48576440576907e-07
"21699"   "ZFPM1"   47.3395934088812   60.8220828407222   33.8571039770403   0.556658081994718   -0.845136646810716   0.000126007232170384   0.00651202892955417
"21701"   "ZFR"   733.082696968367   855.831064214342   610.334329722393   0.713148137807645   -0.487726305059993   1.79008951825941e-05   0.00147872670362673
"21775"   "ZNF142"   84.104706925499   63.9381603081181   104.27125354288   1.63081410288311   0.705592338068328   9.32943257161486e-05   0.00524969123680908
"21882"   "ZNF304"   93.5368432894176   66.3911796564855   120.68250692235   1.81774909779842   0.862153079431706   5.53732662537786e-07   9.84611756387104e-05
"21907"   "ZNF343"   856.699220818394   735.482071307595   977.916370329193   1.32962638856795   0.411020920101707   0.000158680907834353   0.00767152720778894
"21920"   "ZNF367"   181.594442310042   240.648219554964   122.54066506512   0.509210769527974   -0.973665163118046   1.91770004381501e-07   3.94482179601241e-05
"21963"   "ZNF440"   55.5858454816159   23.6168301318116   87.5548608314203   3.70730789622291   1.89037193763015   1.4853060485083e-10   9.73896609681285e-08
"22011"   "ZNF514"   106.803375375691   66.4017911381595   147.204959613222   2.21688236250946   1.14853221651687   1.55997122655715e-07   3.27313162756221e-05
"22055"   "ZNF568"   4.5307667771697   7.78624999639192   1.27528355794748   0.163786618531185   -2.61011060217773   0.000140874082837237   0.006971273599271
"22083"   "ZNF597"   130.595656335379   105.366260636765   155.825052033992   1.47888945751977   0.564514219409141   0.000102331266602913   0.00544952953264548
"22097"   "ZNF616"   70.8155911010939   49.2232133887843   92.4079688134036   1.87732499468349   0.908678425145656   4.03811255792414e-05   0.00269833368440651
"22134"   "ZNF670"   188.595348979747   134.446071572322   242.744626387172   1.80551669192203   0.852411758000109   9.46748527143041e-07   0.000155192793722776
"22262"   "ZNF841"   13.3718781125212   5.4677305128442   21.2760257121982   3.8911986723228   1.96021464164659   1.42248514542726e-05   0.00121327574477052
"22270"   "ZNF853"   37.1931313323666   25.9729004787053   48.413362186028   1.86399521400089   0.898398155729291   0.000199258761252366   0.00908879854042859
"22308"   "ZSCAN1"   383.283246757326   316.264164053403   450.302329461249   1.42381711443353   0.509763847818096   2.66730853466845e-05   0.00194324540536158
"22324"   "ZSWIM1"   146.25247145454   175.902805356158   116.602137552922   0.662878214573286   -0.593184255273642   5.14034354204587e-05   0.00332884840121007
