"id"   "baseMean"   "baseMeanA"   "baseMeanB"   "foldChange"   "log2FoldChange"   "pval"   "padj"
"43"   "ABCA7"   43.3028700269581   30.3131476457312   56.2925924081849   1.85703553672732   0.893001423334572   3.89835625394551e-05   0.00666336429841063
"336"   "ADIPOQ"   351.194691595366   446.950754500936   255.438628689796   0.571514033967832   -0.807139169523364   6.82982133864647e-11   1.34251521446661e-07
"442"   "AHSA2"   207.050401675088   278.20714009909   135.893663251086   0.488462169600265   -1.0336812621584   1.30442642792911e-09   1.62514661332164e-06
"601"   "AMH"   9.30164391652773   4.20128336870403   14.4020044643514   3.42800120830555   1.7773676179732   1.49164304295417e-05   0.00325785889788916
"781"   "AP1G1"   115.52292490825   141.617782023439   89.4280677930605   0.63147485093545   -0.663202816382358   5.71721103022989e-05   0.00812395022777485
"998"   "ARL2"   92.3546127638715   66.9609218806348   117.748303647108   1.75846300110693   0.814314980296691   1.18870584455467e-05   0.00269607629436112
"1365"   "BAAT"   190.671156716967   233.059631259734   148.282682174199   0.636243528631286   -0.652349017583559   4.9647576980081e-05   0.00741194332788703
"1608"   "BRD1"   205.540140507992   143.43959980418   267.640681211804   1.86587721645333   0.899854053155348   1.50315990764961e-10   2.53260970725993e-07
"1624"   "BRIX1"   133.939578837141   177.386657881074   90.4924997932069   0.510142650378339   -0.971027372868278   4.03670826598159e-07   0.000212352746464421
"1986"   "C16orf59"   60.3363408325231   78.100022574238   42.5726590908083   0.545104312234236   -0.875395761616118   2.53504399048918e-05   0.00490136210226712
"2231"   "C1orf213"   546.249870322279   729.205277406665   363.294463237892   0.498206025784546   -1.00518562385677   2.63446876617217e-17   3.10709246282346e-13
"2548"   "C5orf20"   260.247005138204   314.441564312017   206.052445964392   0.65529646634097   -0.609780342811535   2.09946599852753e-06   0.000707460056760962
"2809"   "C9orf82"   481.657619043298   571.578938907555   391.736299179042   0.685358176296276   -0.545069940221687   5.6384899072765e-06   0.00154651976666091
"2822"   "CA12"   61.4730255399962   44.8993418493897   78.0467092306028   1.73825953824452   0.797643505963373   5.94623768351745e-05   0.0083488008618339
"2974"   "CASC2"   72.0540606222107   94.4056316168473   49.7024896275741   0.52647801594396   -0.925554804758506   4.52259187401844e-07   0.000213357794248694
"3068"   "CCDC114"   44.2442066803551   28.5930516664151   59.8953616942952   2.09475233329667   1.06677968132489   2.0971272959994e-06   0.000707460056760962
"3073"   "CCDC120"   140.205446605117   170.181205360056   110.229687850179   0.647719515307017   -0.626558882822907   4.30802645841042e-05   0.00696011836308116
"3171"   "CCDC75"   38.2480913386184   51.0316430810992   25.4645395961375   0.498995095173976   -1.00290246009228   3.76243494293648e-05   0.00652561142896954
"3716"   "CHMP5"   472.365753515371   552.639178891764   392.092328138977   0.70949064618484   -0.495144430744877   2.64561779208433e-05   0.00495276448251469
"4069"   "COL5A3"   22.1986458972379   10.8891256349157   33.5081661595602   3.0772136609497   1.62162461815667   8.21657062630758e-08   5.70036670392186e-05
"4116"   "COQ10A"   2580.36515370461   3039.39668840286   2121.33361900637   0.69794562424199   -0.518813451994279   9.25951300160256e-07   0.000376574814968622
"4638"   "CYTH4"   1171.88278135954   857.980630644444   1485.78493207464   1.7317231636787   0.792208316721794   1.37794354190406e-09   1.62514661332164e-06
"4655"   "DACT3"   160.55422694927   195.469055778902   125.639398119639   0.642758505273342   -0.637651299304142   1.75643640577637e-05   0.00369211637588066
"4880"   "DEK"   2386.74394117125   2781.53789330016   1991.94998904234   0.716132609172904   -0.481701332981934   8.6677987974733e-06   0.00217506423441277
"4904"   "DERL3"   354.542323145913   279.040270554613   430.044375737213   1.54115524215365   0.624012193328757   1.45668107532196e-06   0.000554196664591845
"4986"   "DIO3"   286.766643687298   221.582405409966   351.95088196463   1.58835211357806   0.667530771549901   5.76878909407389e-07   0.000251989253983361
"5060"   "DMBT1"   31.6200656728007   41.4532437500776   21.7868875955239   0.525577388512162   -0.9280248857855   6.83672239528697e-05   0.00905980943033871
"5585"   "ELFN2"   175.32813752532   138.293481024217   212.362794026423   1.5355951159349   0.618797876714728   6.04827635810243e-05   0.00836801514289725
"5708"   "EPHB3"   115.521909708613   158.672743567995   72.3710758492308   0.456102757296928   -1.13256920308113   9.73432342341509e-12   2.29613220911515e-08
"6735"   "FOXC1"   160.793154072368   191.029026596657   130.557281548079   0.683442112824771   -0.549108947366649   4.69160544449296e-05   0.00718607722238311
"7231"   "GLIS1"   12.5468598244901   20.218716412243   4.87500323673721   0.241113389066838   -2.05221632862548   1.74061541203463e-06   0.000622085399076861
"7281"   "GML"   75.1644734360398   52.1673790680272   98.1615678040523   1.88166569909613   0.912010338429694   4.33394596371531e-06   0.00131062971015534
"7554"   "GPX3"   46.8456599813532   61.6673869437844   32.0239330189219   0.519300956405283   -0.945357212423548   4.08796025490987e-05   0.00679062017555028
"7974"   "HIF3A"   93.3208222935053   126.701388074478   59.940256512533   0.473082871651722   -1.07983516703388   2.08493006464144e-05   0.00409827753039686
"8120"   "HMGCS1"   1322.2129222787   1536.01528789326   1108.41055666413   0.721614273894619   -0.470700218775622   1.43159418383793e-05   0.00318570222720463
"8387"   "HYAL3"   111.104958252873   86.8460276875057   135.36388881824   1.55866528870283   0.640311153710552   4.0482643010612e-05   0.00679062017555028
"9183"   "KIAA1409"   124.742886433395   158.868917597062   90.6168552697293   0.5703875663052   -0.809985561607209   1.93401031098584e-07   0.000120051145304037
"9416"   "KRI1"   109.395453064156   139.58327334017   79.2076327881425   0.567457911630359   -0.817414703248447   9.02771748267875e-07   0.000376574814968622
"9432"   "KRT2"   446.650222251266   521.129990301061   372.17045420147   0.714160499545351   -0.485679754699023   5.30412383556973e-05   0.00772306623663078
"9596"   "LAMB1"   46.5393278851222   61.1947660868657   31.8838896833786   0.52102314825617   -0.940580624240572   1.07530132057636e-05   0.00250019759505113
"9611"   "LAPTM4A"   373.037980461513   487.964749611741   258.111211311285   0.528954625342622   -0.918784124156406   1.7416122767051e-12   6.8468583971533e-09
"9718"   "LEPREL2"   183.929344261275   141.207618591487   226.651069931064   1.60509094475111   0.682655043032493   1.0811436098661e-05   0.00250019759505113
"9734"   "LGALS3"   72.3514465812535   94.0010994421744   50.7017937203326   0.539374475630705   -0.890640843154933   9.32447224738938e-06   0.00224434338134103
"10420"   "LOC387646"   1114.98013742309   1286.66314835103   943.297126495147   0.733134486445864   -0.447850223770281   4.26923185602516e-05   0.00696011836308116
"10843"   "LRDD"   290.039321079175   223.716538479529   356.362103678821   1.59291801178762   0.671672012606211   2.06158754801364e-05   0.00409827753039686
"11368"   "MED13"   107.062494427673   78.919522317156   135.205466538189   1.71320685387369   0.776699354014373   1.73776208033639e-05   0.00369211637588066
"11456"   "MEX3D"   272.578861422583   355.319490717629   189.838232127537   0.534274750152674   -0.904346257944336   2.78924303198476e-12   8.22408307980705e-09
"12546"   "MMP7"   394.913322256337   477.340705702342   312.485938810331   0.654639202308444   -0.611228095800554   5.55752837563684e-07   0.000251989253983361
"12643"   "MRFAP1"   177.188498868314   209.991215357627   144.385782379002   0.687580107258795   -0.540400288835549   7.23920927645548e-05   0.00928035154418652
"13385"   "NFAM1"   40.5501349331376   53.2170769834831   27.8831928827921   0.523951980516445   -0.932493498096557   5.1040732772273e-05   0.00752468002895234
"13396"   "NFE2L3"   9528.60778308658   11305.0528939703   7752.16267220283   0.685725466736872   -0.544296992323749   1.49595789030991e-07   9.80184853239726e-05
"13397"   "NFIA"   12.994793405146   22.5179680132107   3.47161879708134   0.154171051093271   -2.69739620100287   3.8407404151534e-10   5.6622115570399e-07
"13865"   "OCM"   55.8690985967262   73.7005122081228   38.0376849853296   0.51611154177484   -0.954245200992512   4.52533151860593e-05   0.00702259999084714
"14573"   "PAX7"   135.161132722198   100.35186557429   169.970399870106   1.69374429560831   0.76021608759627   3.05224009197347e-07   0.000179990598223676
"14594"   "PCBP4"   194.498426257982   151.258604406644   237.73824810932   1.57173371420368   0.65235681445449   1.72164273195607e-06   0.000622085399076861
"15469"   "PPIA"   57.1688204716826   73.9153940968816   40.4222468464836   0.54687183015627   -0.870725345351872   7.18326401196402e-05   0.00928035154418652
"15684"   "PRKCA"   25.7869893132632   16.4198286091526   35.1541500173737   2.14095718379048   1.0982559440883   5.59146297409322e-05   0.00804216028249456
"15785"   "PRR24"   25.5098849492168   13.4981874577567   37.521582440677   2.77974969292009   1.47495497897717   2.65343313942756e-06   0.000845799741794829
"15815"   "PRSS27"   965.179606587954   726.04722846591   1204.31198471   1.65872402991556   0.7300738779811   1.78863800805396e-05   0.00369211637588066
"15855"   "PSG2"   28.4608067898975   16.6450524154274   40.2765611643675   2.41973171121031   1.27484709693653   6.98734028434612e-06   0.00187292480258132
"16036"   "PUM2"   710.271278098409   823.044403841353   597.498152355466   0.725961016886567   -0.462036015336346   4.94372958978359e-05   0.00741194332788703
"16524"   "RGL4"   25.546657894339   36.35711312766   14.736202661018   0.405318282815115   -1.30287284195066   2.9094599992446e-05   0.00527910326632166
"16577"   "RHO"   101.201089343119   125.952182993619   76.4499956926181   0.606976345114169   -0.720287801555435   1.81569229948345e-05   0.00369211637588066
"16876"   "RPL36"   360.728615865407   269.190070411323   452.267161319492   1.68010343259848   0.748550052708512   3.19229837095928e-08   2.7737623360728e-05
"17059"   "RUNX3"   163.822484130929   198.999588722808   128.64537953905   0.646460529716187   -0.629365807328334   8.48914459999911e-06   0.00217506423441277
"17473"   "SERPINF2"   259.789182157324   212.423992365623   307.154371949024   1.44594953012818   0.53201719689172   2.61257267023223e-05   0.00495276448251469
"17647"   "SIAH2"   320.106789778118   394.11802654901   246.095553007226   0.624420951160485   -0.679409150095181   4.20604369028678e-07   0.000212352746464421
"17712"   "SKP2"   220.16431566165   263.367353308267   176.961278015033   0.671918048278   -0.573642812110679   6.61092178147467e-05   0.00896197833226578
"17733"   "SLC12A2"   209.848835620294   257.135585185783   162.562086054806   0.63220376883018   -0.661538459112836   2.4770216404319e-06   0.000811499811868161
"17777"   "SLC18A2"   621.965907819765   726.183737080618   517.748078558911   0.712971183629567   -0.488084326878574   2.99150049787732e-05   0.00534572073817654
"18045"   "SLC6A6"   89.8942680827149   120.070940215449   59.7175959499806   0.497352613736732   -1.00765903643523   4.58461887595996e-06   0.00131880475666029
"18053"   "SLC7A14"   53.5743924840112   68.7235659712631   38.4252189967594   0.5591272579311   -0.838751415591004   7.65999863719582e-05   0.00971419612119221
"18729"   "SOX4"   1651.44181368216   1901.08794345869   1401.79568390564   0.737364985522618   -0.439549184574754   3.47253965317921e-05   0.00611270636859637
"18951"   "SRI"   163.76845034621   202.98405934882   124.552841343601   0.613608978671382   -0.704608501567531   2.8714231926805e-05   0.00527910326632166
"19602"   "TECPR2"   324.915806235862   386.935570675571   262.896041796152   0.679431051885843   -0.557600939993777   7.23416005279481e-06   0.00189599297028138
"19684"   "TGFBR2"   26.7979297468836   43.5658787421191   10.0299807516481   0.230225604102212   -2.11887980591258   9.24401073189652e-09   9.91126023381705e-06
"19778"   "TIMM50"   382.168140007216   469.904117404897   294.432162609535   0.626579235431203   -0.674431134684946   3.29257865906556e-08   2.7737623360728e-05
"19935"   "TMEM14B"   102.376723696264   129.710051962856   75.0433954296715   0.578547262097784   -0.789493275556365   1.11956836104365e-06   0.000440139641671626
"19936"   "TMEM14C"   116.018899047216   149.281489986512   82.7563081079198   0.554364162063208   -0.851094100191594   4.6523955784685e-08   3.4293970907786e-05
"20151"   "TMX1"   110.49769389524   139.936347186503   81.0590406039766   0.579256513648618   -0.787725732826658   4.49692079283033e-06   0.00131880475666029
"20238"   "TOM1"   414.69705491048   509.879153996716   319.514955824244   0.626648399566267   -0.674271893455373   4.31577603620802e-08   3.39335083806916e-05
"20570"   "TSPAN4"   413.825493908771   322.609776804597   505.041211012945   1.56548637804875   0.646610955038696   4.81764240806847e-06   0.00135283987049427
"20630"   "TTC33"   378.824637065195   454.731657226064   302.917616904327   0.666145873265506   -0.586089960244399   4.50410568369373e-05   0.00702259999084714
"20733"   "TUBG2"   251.081915489404   306.720799983736   195.443030995072   0.637201751578098   -0.650177862252698   2.95786403784684e-06   0.000918027591114885
"20756"   "TWSG1"   2404.5688819948   2850.54928836729   1958.58847562231   0.687091601473107   -0.541425646234916   3.77685769258973e-07   0.000212115522030492
"21068"   "USP46"   278.427487879732   327.820508473992   229.034467285471   0.698658141772852   -0.517341387228995   7.17842999425682e-05   0.00928035154418652
"21104"   "VAMP1"   341.171346755067   279.420026939432   402.922666570702   1.44199637722475   0.528067540052759   6.81183154419535e-05   0.00905980943033871
"21416"   "WNT9A"   14.8955611009357   6.42903986197574   23.3620823398957   3.63383690900249   1.86149367112588   4.32123614986103e-07   0.000212352746464421
"21421"   "WRNIP1"   172.924273638748   217.421386027811   128.427161249685   0.590683205530009   -0.759543501452242   3.24900659560726e-08   2.7737623360728e-05
"21657"   "ZDHHC8"   282.572641433718   392.067250716439   173.078032150997   0.441449857989224   -1.17967851599091   4.87876341352865e-13   2.87700678495784e-09
"21993"   "ZNF490"   48.7723507986851   34.8905604675758   62.6541411297945   1.79573329548603   0.844573095150458   4.50481957637514e-05   0.00702259999084714
"22011"   "ZNF514"   68.43571629838   47.4903474012672   89.3810851954928   1.88208952106145   0.912335251084426   6.10182552390337e-05   0.00836801514289725
