"id"   "baseMean"   "baseMeanA"   "baseMeanB"   "foldChange"   "log2FoldChange"   "pval"   "padj"
"43"   "ABCA7"   43.3028700269581   30.3131476457312   56.2925924081849   1.85703553672732   0.893001423334572   3.89835625394551e-05   0.00666336429841063
"96"   "ABHD4"   569.088036821298   648.582465667588   489.593607975008   0.754867166307167   -0.405705298622099   0.000643380038852339   0.0431137737399119
"141"   "ACCN2"   597.430586853993   684.938618094384   509.922555613603   0.744479201701745   -0.425696549667464   0.000363758389477498   0.0287930633926014
"169"   "ACOT9"   6.46338897606904   10.3934096401649   2.53336831197318   0.24374756693733   -2.03654027678396   0.000229771981091101   0.0203314196566078
"336"   "ADIPOQ"   351.194691595366   446.950754500936   255.438628689796   0.571514033967832   -0.807139169523364   6.82982133864647e-11   1.34251521446661e-07
"442"   "AHSA2"   207.050401675088   278.20714009909   135.893663251086   0.488462169600265   -1.0336812621584   1.30442642792911e-09   1.62514661332164e-06
"464"   "AK3"   685.643375278872   774.860084374038   596.426666183705   0.769721757787435   -0.377591066228828   0.000707829935698923   0.0466376886124754
"511"   "ALAS1"   3.41146624393373   0.571783888843396   6.25114859902406   10.9327120280861   3.45057942308258   0.000331440700072691   0.0272062501949068
"601"   "AMH"   9.30164391652773   4.20128336870403   14.4020044643514   3.42800120830555   1.7773676179732   1.49164304295417e-05   0.00325785889788916
"670"   "ANKRD12"   1433.44362237545   1632.65322034447   1234.23402440642   0.75596826627152   -0.403602420035729   0.000247682724303138   0.0211678989161682
"781"   "AP1G1"   115.52292490825   141.617782023439   89.4280677930605   0.63147485093545   -0.663202816382358   5.71721103022989e-05   0.00812395022777485
"998"   "ARL2"   92.3546127638715   66.9609218806348   117.748303647108   1.75846300110693   0.814314980296691   1.18870584455467e-05   0.00269607629436112
"1005"   "ARL5A"   300.317336947697   346.707952333055   253.92672156234   0.732393704423636   -0.449308704947957   0.000450537384286624   0.0324002311602222
"1365"   "BAAT"   190.671156716967   233.059631259734   148.282682174199   0.636243528631286   -0.652349017583559   4.9647576980081e-05   0.00741194332788703
"1608"   "BRD1"   205.540140507992   143.43959980418   267.640681211804   1.86587721645333   0.899854053155348   1.50315990764961e-10   2.53260970725993e-07
"1624"   "BRIX1"   133.939578837141   177.386657881074   90.4924997932069   0.510142650378339   -0.971027372868278   4.03670826598159e-07   0.000212352746464421
"1986"   "C16orf59"   60.3363408325231   78.100022574238   42.5726590908083   0.545104312234236   -0.875395761616118   2.53504399048918e-05   0.00490136210226712
"2202"   "C1orf159"   101.103768863764   67.3249895213057   134.882548206222   2.00345442554487   1.00248969180602   0.000119452378914097   0.0131665547375033
"2231"   "C1orf213"   546.249870322279   729.205277406665   363.294463237892   0.498206025784546   -1.00518562385677   2.63446876617217e-17   3.10709246282346e-13
"2548"   "C5orf20"   260.247005138204   314.441564312017   206.052445964392   0.65529646634097   -0.609780342811535   2.09946599852753e-06   0.000707460056760962
"2809"   "C9orf82"   481.657619043298   571.578938907555   391.736299179042   0.685358176296276   -0.545069940221687   5.6384899072765e-06   0.00154651976666091
"2822"   "CA12"   61.4730255399962   44.8993418493897   78.0467092306028   1.73825953824452   0.797643505963373   5.94623768351745e-05   0.0083488008618339
"2948"   "CAPRIN1"   107.013877140521   130.762402123868   83.2653521571746   0.636768297345129   -0.651159584385043   0.000101418042495628   0.0117267097371906
"2974"   "CASC2"   72.0540606222107   94.4056316168473   49.7024896275741   0.52647801594396   -0.925554804758506   4.52259187401844e-07   0.000213357794248694
"3068"   "CCDC114"   44.2442066803551   28.5930516664151   59.8953616942952   2.09475233329667   1.06677968132489   2.0971272959994e-06   0.000707460056760962
"3073"   "CCDC120"   140.205446605117   170.181205360056   110.229687850179   0.647719515307017   -0.626558882822907   4.30802645841042e-05   0.00696011836308116
"3171"   "CCDC75"   38.2480913386184   51.0316430810992   25.4645395961375   0.498995095173976   -1.00290246009228   3.76243494293648e-05   0.00652561142896954
"3283"   "CCT5"   869.352508501365   998.713151957198   739.991865045531   0.740945349117866   -0.432560959190644   0.000143946361931342   0.0154336672056205
"3716"   "CHMP5"   472.365753515371   552.639178891764   392.092328138977   0.70949064618484   -0.495144430744877   2.64561779208433e-05   0.00495276448251469
"3838"   "CLDN15"   254.393789259371   210.231471737265   298.556106781477   1.42013041298876   0.506023420950377   0.000160473760510545   0.016176303687704
"4069"   "COL5A3"   22.1986458972379   10.8891256349157   33.5081661595602   3.0772136609497   1.62162461815667   8.21657062630758e-08   5.70036670392186e-05
"4116"   "COQ10A"   2580.36515370461   3039.39668840286   2121.33361900637   0.69794562424199   -0.518813451994279   9.25951300160256e-07   0.000376574814968622
"4220"   "CRABP2"   329.048150904671   273.092434139528   385.003867669814   1.40979324045685   0.495483593233938   0.000343292898682794   0.0278003039980184
"4638"   "CYTH4"   1171.88278135954   857.980630644444   1485.78493207464   1.7317231636787   0.792208316721794   1.37794354190406e-09   1.62514661332164e-06
"4655"   "DACT3"   160.55422694927   195.469055778902   125.639398119639   0.642758505273342   -0.637651299304142   1.75643640577637e-05   0.00369211637588066
"4880"   "DEK"   2386.74394117125   2781.53789330016   1991.94998904234   0.716132609172904   -0.481701332981934   8.6677987974733e-06   0.00217506423441277
"4904"   "DERL3"   354.542323145913   279.040270554613   430.044375737213   1.54115524215365   0.624012193328757   1.45668107532196e-06   0.000554196664591845
"4986"   "DIO3"   286.766643687298   221.582405409966   351.95088196463   1.58835211357806   0.667530771549901   5.76878909407389e-07   0.000251989253983361
"5060"   "DMBT1"   31.6200656728007   41.4532437500776   21.7868875955239   0.525577388512162   -0.9280248857855   6.83672239528697e-05   0.00905980943033871
"5154"   "DNHD1"   47.709966421893   33.2672207504371   62.1527120933489   1.86828688093917   0.901716002119449   0.000401146207235956   0.0302889623105049
"5199"   "DOT1L"   449.352455725141   383.397882787309   515.307028662974   1.34405288030462   0.426589900506879   0.000424140319580582   0.0310702542182198
"5446"   "EEF2"   11659.7776728035   10155.480505982   13164.0748396249   1.29625327249368   0.374347631240583   0.000346502008454189   0.0278003039980184
"5490"   "EGLN2"   1357.23192502367   1535.53460447526   1178.92924557208   0.767764687383882   -0.381263888580759   0.000431284183217319   0.0313985534374387
"5585"   "ELFN2"   175.32813752532   138.293481024217   212.362794026423   1.5355951159349   0.618797876714728   6.04827635810243e-05   0.00836801514289725
"5708"   "EPHB3"   115.521909708613   158.672743567995   72.3710758492308   0.456102757296928   -1.13256920308113   9.73432342341509e-12   2.29613220911515e-08
"6360"   "FBXO17"   206.470184268916   242.958977495001   169.98139104283   0.69963000665957   -0.515335928082639   0.000236204188012181   0.0204837661280564
"6610"   "FLJ35390"   21.3491466688587   13.2082911315933   29.490002206124   2.23268868866663   1.15878210533547   0.000244271478867338   0.0210287432245357
"6728"   "FOSL1"   90.5612780459004   70.4757999259927   110.646756165808   1.56999645668441   0.650761303110791   0.000220634646238541   0.0203294142010731
"6735"   "FOXC1"   160.793154072368   191.029026596657   130.557281548079   0.683442112824771   -0.549108947366649   4.69160544449296e-05   0.00718607722238311
"6869"   "FUZ"   146.411847266214   177.445124885055   115.378569647373   0.650221130178203   -0.620997654964944   0.000439660616167631   0.0318120080189021
"6895"   "FZR1"   413.432085308758   350.031994637056   476.832175980461   1.36225311767538   0.445994792694336   0.000211265926962102   0.0199125931132444
"7098"   "GDF9"   7.1168438359126   2.48135877173075   11.7523289000945   4.7362473472134   2.24374442667631   0.000154156126693274   0.015839483446906
"7126"   "GFPT2"   339.820722609769   391.507827003577   288.133618215962   0.735958768490545   -0.442303152192674   0.000255468003557332   0.0216761844169437
"7134"   "GGA3"   121.874825299475   145.267915926354   98.4817346725973   0.677931765211835   -0.56078802350878   0.00064199024940585   0.0431137737399119
"7231"   "GLIS1"   12.5468598244901   20.218716412243   4.87500323673721   0.241113389066838   -2.05221632862548   1.74061541203463e-06   0.000622085399076861
"7278"   "GMFB"   301.857742117762   350.013280466749   253.702203768775   0.724835936026365   -0.464273611575755   0.000356343436029922   0.0283967194901142
"7281"   "GML"   75.1644734360398   52.1673790680272   98.1615678040523   1.88166569909613   0.912010338429694   4.33394596371531e-06   0.00131062971015534
"7554"   "GPX3"   46.8456599813532   61.6673869437844   32.0239330189219   0.519300956405283   -0.945357212423548   4.08796025490987e-05   0.00679062017555028
"7974"   "HIF3A"   93.3208222935053   126.701388074478   59.940256512533   0.473082871651722   -1.07983516703388   2.08493006464144e-05   0.00409827753039686
"8120"   "HMGCS1"   1322.2129222787   1536.01528789326   1108.41055666413   0.721614273894619   -0.470700218775622   1.43159418383793e-05   0.00318570222720463
"8174"   "HOMER3"   22.6185019108142   14.4166391751851   30.8203646464433   2.13783283828684   1.0961490500636   0.000147693247861604   0.0155526264757121
"8387"   "HYAL3"   111.104958252873   86.8460276875057   135.36388881824   1.55866528870283   0.640311153710552   4.0482643010612e-05   0.00679062017555028
"8926"   "KAT2B"   25.0514045889537   34.1471287627968   15.9556804151105   0.467262724369791   -1.09769414330806   0.000168080478972043   0.0167995014321718
"9071"   "KDELR3"   92.1229884823243   111.442110485038   72.8038664796101   0.653288655094021   -0.614207508541401   0.000647723507276339   0.0431596104226957
"9183"   "KIAA1409"   124.742886433395   158.868917597062   90.6168552697293   0.5703875663052   -0.809985561607209   1.93401031098584e-07   0.000120051145304037
"9193"   "KIAA1530"   9.34416086989519   4.66456741014491   14.0237543296455   3.00644263370391   1.58805743055777   0.000556472202008335   0.0386060773558018
"9246"   "KIF22"   657.158394992712   756.480824192634   557.835965792791   0.737409261349288   -0.439462559091942   0.000169884198979939   0.0168370944770538
"9416"   "KRI1"   109.395453064156   139.58327334017   79.2076327881425   0.567457911630359   -0.817414703248447   9.02771748267875e-07   0.000376574814968622
"9432"   "KRT2"   446.650222251266   521.129990301061   372.17045420147   0.714160499545351   -0.485679754699023   5.30412383556973e-05   0.00772306623663078
"9562"   "KRTAP9-4"   336.483287112758   388.841386199276   284.12518802624   0.730696880811524   -0.452655046087329   0.000369530944542699   0.0289831113816425
"9596"   "LAMB1"   46.5393278851222   61.1947660868657   31.8838896833786   0.52102314825617   -0.940580624240572   1.07530132057636e-05   0.00250019759505113
"9611"   "LAPTM4A"   373.037980461513   487.964749611741   258.111211311285   0.528954625342622   -0.918784124156406   1.7416122767051e-12   6.8468583971533e-09
"9718"   "LEPREL2"   183.929344261275   141.207618591487   226.651069931064   1.60509094475111   0.682655043032493   1.0811436098661e-05   0.00250019759505113
"9734"   "LGALS3"   72.3514465812535   94.0010994421744   50.7017937203326   0.539374475630705   -0.890640843154933   9.32447224738938e-06   0.00224434338134103
"9980"   "LOC100131496"   165.730681585406   135.021295247742   196.44006792307   1.45488211739219   0.540902262725678   0.000195886338286184   0.0186313183366714
"10420"   "LOC387646"   1114.98013742309   1286.66314835103   943.297126495147   0.733134486445864   -0.447850223770281   4.26923185602516e-05   0.00696011836308116
"10512"   "LOC407835"   429.220327638955   492.870013932838   365.570641345073   0.741718163026424   -0.431056997050558   0.000214422530556387   0.0199125931132444
"10843"   "LRDD"   290.039321079175   223.716538479529   356.362103678821   1.59291801178762   0.671672012606211   2.06158754801364e-05   0.00409827753039686
"10847"   "LRFN4"   356.025874640567   296.764977998114   415.28677128302   1.39937931384093   0.484787070454258   0.000104877121884934   0.0120089395680671
"10967"   "LSM12"   90.6944733216926   67.363719602301   114.025227041084   1.69268009121618   0.759309336241936   0.00023099968068386   0.0203314196566078
"11266"   "MAVS"   40.897050259125   52.5332254188322   29.2608750994177   0.556997497605167   -0.844257248831436   0.000603154189006727   0.0413581424717752
"11368"   "MED13"   107.062494427673   78.919522317156   135.205466538189   1.71320685387369   0.776699354014373   1.73776208033639e-05   0.00369211637588066
"11411"   "MELK"   711.698304858814   818.167464138632   605.229145578995   0.739737489092384   -0.434914703031539   0.000145632009328299   0.0154737289911528
"11456"   "MEX3D"   272.578861422583   355.319490717629   189.838232127537   0.534274750152674   -0.904346257944336   2.78924303198476e-12   8.22408307980705e-09
"12546"   "MMP7"   394.913322256337   477.340705702342   312.485938810331   0.654639202308444   -0.611228095800554   5.55752837563684e-07   0.000251989253983361
"12617"   "MPP3"   81.3757250419488   61.9797116814212   100.771738402476   1.62588265851329   0.701223140506632   0.000419740862778357   0.0310702542182198
"12643"   "MRFAP1"   177.188498868314   209.991215357627   144.385782379002   0.687580107258795   -0.540400288835549   7.23920927645548e-05   0.00928035154418652
"12842"   "MTMR7"   48.0431117960781   64.4916247773272   31.594598814829   0.489902354358677   -1.02943386998751   8.2866913835944e-05   0.0103971529976715
"12996"   "MYO9A"   938.757400247794   1161.62937243457   715.885428061017   0.616276968410886   -0.698349219374356   0.000135516940318449   0.0146631815973925
"12997"   "MYO9B"   190.402306054229   159.468065452849   221.336546655609   1.3879678418815   0.472974142198927   0.000624439023818307   0.0425701378434284
"13144"   "NCF1"   2.94777109231859   0.237285906837476   5.6582562777997   23.8457325730483   4.57565919983684   0.000564770431419398   0.0389526460126338
"13385"   "NFAM1"   40.5501349331376   53.2170769834831   27.8831928827921   0.523951980516445   -0.932493498096557   5.1040732772273e-05   0.00752468002895234
"13396"   "NFE2L3"   9528.60778308658   11305.0528939703   7752.16267220283   0.685725466736872   -0.544296992323749   1.49595789030991e-07   9.80184853239726e-05
"13397"   "NFIA"   12.994793405146   22.5179680132107   3.47161879708134   0.154171051093271   -2.69739620100287   3.8407404151534e-10   5.6622115570399e-07
"13754"   "NUB1"   172.10997726305   142.518633715035   201.701320811066   1.41526280145491   0.501069973305854   0.000316968559336365   0.0267023370629507
"13865"   "OCM"   55.8690985967262   73.7005122081228   38.0376849853296   0.51611154177484   -0.954245200992512   4.52533151860593e-05   0.00702259999084714
"14008"   "OR1J1"   632.12425602942   541.833571222175   722.414940836664   1.33327829652039   0.414977947046928   0.000332177380707697   0.0272062501949068
"14282"   "OR7D2"   73.3927585302284   89.3778496649257   57.4076673955312   0.642303071854496   -0.638673898647283   0.000722617486687665   0.0473475035444129
"14402"   "OXCT2"   199.430360291781   233.816438991156   165.044281592406   0.705871162457695   -0.50252321202176   0.000403202228484761   0.0302889623105049
"14475"   "PAIP1"   84.9865384709272   105.197604279868   64.7754726619863   0.615750454636374   -0.699582306955817   9.03189901042658e-05   0.0109816718483475
"14498"   "PANK2"   90.7391985180972   72.3492522875651   109.129144748629   1.50836589595807   0.592986436732236   0.000344227130364881   0.0278003039980184
"14518"   "PAQR4"   1746.82907248993   1488.7170396187   2004.94110536116   1.34675767926636   0.429490291505507   9.34030202649855e-05   0.0111272244545984
"14573"   "PAX7"   135.161132722198   100.35186557429   169.970399870106   1.69374429560831   0.76021608759627   3.05224009197347e-07   0.000179990598223676
"14594"   "PCBP4"   194.498426257982   151.258604406644   237.73824810932   1.57173371420368   0.65235681445449   1.72164273195607e-06   0.000622085399076861
"14633"   "PCDHB17"   28.5866324094662   19.7426595782373   37.4306052406951   1.89592517119403   0.922902024743736   0.000383739394406512   0.0293884572573403
"14761"   "PDGFRB"   530.613276654588   610.097312324495   451.129240984681   0.739438171372794   -0.435498574450111   0.000154780666366964   0.015839483446906
"15218"   "PLK1"   11.0121069171195   16.7258941739428   5.29831966029624   0.316773477411477   -1.65847654737628   0.000172861500147005   0.0169894044394481
"15469"   "PPIA"   57.1688204716826   73.9153940968816   40.4222468464836   0.54687183015627   -0.870725345351872   7.18326401196402e-05   0.00928035154418652
"15684"   "PRKCA"   25.7869893132632   16.4198286091526   35.1541500173737   2.14095718379048   1.0982559440883   5.59146297409322e-05   0.00804216028249456
"15708"   "PRLHR"   5.38803080080437   9.36942840408845   1.40663319752028   0.15013009725401   -2.73571486538781   0.000109672279131456   0.0124263587244548
"15785"   "PRR24"   25.5098849492168   13.4981874577567   37.521582440677   2.77974969292009   1.47495497897717   2.65343313942756e-06   0.000845799741794829
"15815"   "PRSS27"   965.179606587954   726.04722846591   1204.31198471   1.65872402991556   0.7300738779811   1.78863800805396e-05   0.00369211637588066
"15848"   "PSD4"   169.332409841771   198.491766229712   140.17305345383   0.706190771115461   -0.501870127588996   0.000234999371297274   0.0204837661280564
"15855"   "PSG2"   28.4608067898975   16.6450524154274   40.2765611643675   2.41973171121031   1.27484709693653   6.98734028434612e-06   0.00187292480258132
"15864"   "PSIP1"   1357.76925339402   1544.4615743106   1171.07693247743   0.758242841360532   -0.39926812258841   0.000178360041504376   0.0173849448719224
"15940"   "PTDSS2"   191.939419488987   160.478102858315   223.400736119659   1.39209482253724   0.477257483704648   0.000375989150533432   0.0289831113816425
"16036"   "PUM2"   710.271278098409   823.044403841353   597.498152355466   0.725961016886567   -0.462036015336346   4.94372958978359e-05   0.00741194332788703
"16147"   "RAB3B"   186.892478987772   153.590120967585   220.194837007959   1.43365234443972   0.519695218069662   0.000213823142160231   0.0199125931132444
"16272"   "RARB"   104.71626218401   128.371309955852   81.0612144121692   0.631458964156765   -0.663239112467792   8.51049633206581e-05   0.0104554993479567
"16312"   "RASSF7"   204.931858046143   167.818310878679   242.045405213607   1.4423062891426   0.528377568812182   0.000155093848464187   0.015839483446906
"16325"   "RBBP7"   58.7410765730729   72.8509280343217   44.6312251118241   0.612637701619906   -0.706893942011212   0.000155789391202399   0.015839483446906
"16524"   "RGL4"   25.546657894339   36.35711312766   14.736202661018   0.405318282815115   -1.30287284195066   2.9094599992446e-05   0.00527910326632166
"16577"   "RHO"   101.201089343119   125.952182993619   76.4499956926181   0.606976345114169   -0.720287801555435   1.81569229948345e-05   0.00369211637588066
"16876"   "RPL36"   360.728615865407   269.190070411323   452.267161319492   1.68010343259848   0.748550052708512   3.19229837095928e-08   2.7737623360728e-05
"17059"   "RUNX3"   163.822484130929   198.999588722808   128.64537953905   0.646460529716187   -0.629365807328334   8.48914459999911e-06   0.00217506423441277
"17473"   "SERPINF2"   259.789182157324   212.423992365623   307.154371949024   1.44594953012818   0.53201719689172   2.61257267023223e-05   0.00495276448251469
"17647"   "SIAH2"   320.106789778118   394.11802654901   246.095553007226   0.624420951160485   -0.679409150095181   4.20604369028678e-07   0.000212352746464421
"17712"   "SKP2"   220.16431566165   263.367353308267   176.961278015033   0.671918048278   -0.573642812110679   6.61092178147467e-05   0.00896197833226578
"17733"   "SLC12A2"   209.848835620294   257.135585185783   162.562086054806   0.63220376883018   -0.661538459112836   2.4770216404319e-06   0.000811499811868161
"17777"   "SLC18A2"   621.965907819765   726.183737080618   517.748078558911   0.712971183629567   -0.488084326878574   2.99150049787732e-05   0.00534572073817654
"17881"   "SLC27A3"   26.9804218788793   18.5075112707553   35.4533324870032   1.91561858146886   0.937810334872688   0.000699404672720501   0.0463414534273348
"18045"   "SLC6A6"   89.8942680827149   120.070940215449   59.7175959499806   0.497352613736732   -1.00765903643523   4.58461887595996e-06   0.00131880475666029
"18053"   "SLC7A14"   53.5743924840112   68.7235659712631   38.4252189967594   0.5591272579311   -0.838751415591004   7.65999863719582e-05   0.00971419612119221
"18076"   "SLC9A5"   29.7495847463934   17.8679769312989   41.6311925614879   2.3299331939792   1.22028858917283   0.000516193172775438   0.0367663790263121
"18729"   "SOX4"   1651.44181368216   1901.08794345869   1401.79568390564   0.737364985522618   -0.439549184574754   3.47253965317921e-05   0.00611270636859637
"18867"   "SPIRE2"   24.0975547491698   13.0409612230431   35.1541482752965   2.69567155933106   1.43064472923882   0.000322441795493404   0.0269707697592142
"18875"   "SPOCK2"   52.8245524012201   36.706295327962   68.9428094744782   1.87822848529089   0.90937257659411   0.000393346844351579   0.0299298882727904
"18951"   "SRI"   163.76845034621   202.98405934882   124.552841343601   0.613608978671382   -0.704608501567531   2.8714231926805e-05   0.00527910326632166
"19286"   "SYNGAP1"   302.411915833731   256.554823293669   348.269008373793   1.35748376858673   0.440934947849583   0.000517485070236375   0.0367663790263121
"19295"   "SYNPO"   161.65640872464   133.81922050291   189.49359694637   1.41604170338333   0.501863754388671   0.000423682057966835   0.0310702542182198
"19328"   "SYVN1"   51.1644715725042   37.7043589506794   64.6245841943289   1.71398177804491   0.777351771723466   0.000373196843728294   0.0289831113816425
"19352"   "TADA2A"   6.27385803373934   1.8503967547652   10.6973193127135   5.78109493824252   2.53134276476216   9.45231638157071e-05   0.0111480619404245
"19596"   "TEAD1"   818.382687013199   937.450462836001   699.314911190397   0.745975322338431   -0.422800189512535   0.000222420367795168   0.0203314196566078
"19602"   "TECPR2"   324.915806235862   386.935570675571   262.896041796152   0.679431051885843   -0.557600939993777   7.23416005279481e-06   0.00189599297028138
"19616"   "TENC1"   327.724435549716   274.266389729196   381.182481370235   1.38982571559937   0.474903980067418   0.000194647010887647   0.0186313183366714
"19684"   "TGFBR2"   26.7979297468836   43.5658787421191   10.0299807516481   0.230225604102212   -2.11887980591258   9.24401073189652e-09   9.91126023381705e-06
"19772"   "TIMM13"   167.376107203015   137.88412104009   196.868093365941   1.42777929670887   0.513772987664107   0.000189293377487671   0.0182993942138491
"19778"   "TIMM50"   382.168140007216   469.904117404897   294.432162609535   0.626579235431203   -0.674431134684946   3.29257865906556e-08   2.7737623360728e-05
"19935"   "TMEM14B"   102.376723696264   129.710051962856   75.0433954296715   0.578547262097784   -0.789493275556365   1.11956836104365e-06   0.000440139641671626
"19936"   "TMEM14C"   116.018899047216   149.281489986512   82.7563081079198   0.554364162063208   -0.851094100191594   4.6523955784685e-08   3.4293970907786e-05
"20029"   "TMEM232"   13.2323008686631   19.599042023465   6.86555971386122   0.350300780295354   -1.5133338931391   0.000133134594862729   0.0145387908501021
"20151"   "TMX1"   110.49769389524   139.936347186503   81.0590406039766   0.579256513648618   -0.787725732826658   4.49692079283033e-06   0.00131880475666029
"20184"   "TNFRSF6B"   80.6439413767348   59.8890589791572   101.398823774312   1.69311098726065   0.75967654826149   9.83104832487408e-05   0.0114799390043134
"20238"   "TOM1"   414.69705491048   509.879153996716   319.514955824244   0.626648399566267   -0.674271893455373   4.31577603620802e-08   3.39335083806916e-05
"20570"   "TSPAN4"   413.825493908771   322.609776804597   505.041211012945   1.56548637804875   0.646610955038696   4.81764240806847e-06   0.00135283987049427
"20630"   "TTC33"   378.824637065195   454.731657226064   302.917616904327   0.666145873265506   -0.586089960244399   4.50410568369373e-05   0.00702259999084714
"20733"   "TUBG2"   251.081915489404   306.720799983736   195.443030995072   0.637201751578098   -0.650177862252698   2.95786403784684e-06   0.000918027591114885
"20756"   "TWSG1"   2404.5688819948   2850.54928836729   1958.58847562231   0.687091601473107   -0.541425646234916   3.77685769258973e-07   0.000212115522030492
"20812"   "UBAP2L"   49.382942699085   61.7029999951701   37.062885403   0.600665857509379   -0.735365433023633   0.000374626909346547   0.0289831113816425
"20839"   "UBE2L6"   19.2849006106682   11.8259522826918   26.7438489386447   2.26145415602483   1.17725075009446   0.000639729220558887   0.0431137737399119
"21068"   "USP46"   278.427487879732   327.820508473992   229.034467285471   0.698658141772852   -0.517341387228995   7.17842999425682e-05   0.00928035154418652
"21069"   "USP47"   874.611054465186   995.882625687265   753.339483243106   0.756454087873278   -0.4026755725347   0.000412192960065762   0.0307683782975671
"21104"   "VAMP1"   341.171346755067   279.420026939432   402.922666570702   1.44199637722475   0.528067540052759   6.81183154419535e-05   0.00905980943033871
"21128"   "VBP1"   56.7922674581228   41.7268235605729   71.8577113556726   1.72209876583009   0.784167886571685   9.17434241802002e-05   0.0110410402528702
"21403"   "WNT16"   6.85428592461342   10.7404794807559   2.96809236847097   0.276346356211472   -1.8554505049888   0.000545588854921044   0.0380749997333656
"21404"   "WNT2"   415.622349169468   473.304659598773   357.940038740163   0.756257162233717   -0.403051194313416   0.000540979492568597   0.0379780484247264
"21416"   "WNT9A"   14.8955611009357   6.42903986197574   23.3620823398957   3.63383690900249   1.86149367112588   4.32123614986103e-07   0.000212352746464421
"21421"   "WRNIP1"   172.924273638748   217.421386027811   128.427161249685   0.590683205530009   -0.759543501452242   3.24900659560726e-08   2.7737623360728e-05
"21568"   "ZBTB3"   6660.82124059923   5326.84876085306   7994.7937203454   1.5008486404005   0.585778489447449   0.00022850880449684   0.0203314196566078
"21588"   "ZBTB7A"   283.935068850974   326.143048298613   241.727089403336   0.741168915493834   -0.43212571865344   0.000521203560183078   0.0368088310706541
"21605"   "ZC3H3"   101.062586714594   76.2747698247359   125.850403604452   1.64996110632167   0.722432016969161   0.000110629783454956   0.0124263587244548
"21622"   "ZCCHC18"   93.0235447896672   111.838874361232   74.208215218102   0.663527915869523   -0.591770931116599   0.000331202930355832   0.0272062501949068
"21629"   "ZCCHC7"   275.219535788468   323.679761079522   226.759310497413   0.700566849595833   -0.513405372598405   8.44344442342278e-05   0.0104554993479567
"21657"   "ZDHHC8"   282.572641433718   392.067250716439   173.078032150997   0.441449857989224   -1.17967851599091   4.87876341352865e-13   2.87700678495784e-09
"21993"   "ZNF490"   48.7723507986851   34.8905604675758   62.6541411297945   1.79573329548603   0.844573095150458   4.50481957637514e-05   0.00702259999084714
"22011"   "ZNF514"   68.43571629838   47.4903474012672   89.3810851954928   1.88208952106145   0.912335251084426   6.10182552390337e-05   0.00836801514289725
