"id"   "baseMean"   "baseMeanA"   "baseMeanB"   "foldChange"   "log2FoldChange"   "pval"   "padj"
"92"   "ABHD16A"   32.2890581843467   20.6093122598872   43.9688041088062   2.13344354019928   1.09318393132538   2.29508928679534e-05   0.00174476679041811
"94"   "ABHD2"   41.1767158840426   26.0554265550602   56.298005213025   2.16070172921777   1.11149993130061   2.377974250583e-05   0.00177779260763532
"96"   "ABHD4"   337.682971279404   393.371362325173   281.994580233635   0.716866064084576   -0.480224497202621   7.72141009264613e-05   0.00460257461829265
"141"   "ACCN2"   429.753060717661   505.619091044532   353.887030390791   0.699908363150834   -0.514762048089773   1.99072020400729e-05   0.0015821701257758
"265"   "ADAM33"   250.396146393995   298.564605793967   202.227686994024   0.677333089956338   -0.562062616995203   1.78771089288039e-05   0.00147872670362673
"275"   "ADAMTS12"   265.697420521174   323.298384447306   208.096456595043   0.643666861963427   -0.635613898700394   1.70117593391919e-06   0.000241519559923579
"285"   "ADAMTS3"   110.16161998724   144.129923509169   76.1933164653112   0.528643286627874   -0.919633533610974   1.03865898492898e-07   2.27011904393541e-05
"323"   "ADD1"   275.490971492762   228.175837995063   322.80610499046   1.41472518662316   0.500521833692348   9.02842696774982e-05   0.00511985012533315
"336"   "ADIPOQ"   407.038801305837   461.96576918473   352.111833426944   0.762203299279825   -0.391752241861474   0.00119448679165317   0.0335063126503568
"442"   "AHSA2"   100.494066812639   150.273869184106   50.7142644411723   0.337478929081412   -1.56713066637939   7.53692514556284e-17   1.97674704255249e-13
"464"   "AK3"   1461.17867144353   1643.66797957441   1278.68936331266   0.77794869718381   -0.362253076898172   0.000734684371970747   0.0235705619154285
"507"   "AKT2"   104.229344408594   81.7868694132118   126.671819403976   1.5488038643953   0.631154457374534   0.000147504464111087   0.00719753178134611
"528"   "ALDH4A1"   56.8070728177787   80.335971071974   33.2781745635835   0.414237534189624   -1.2714698123674   1.89783481016755e-05   0.00155548320261467
"576"   "ALPL"   7.22081348538244   10.9994062766592   3.44222069410566   0.312946045225192   -1.67601415017628   0.00123546688383399   0.0342273833218288
"601"   "AMH"   49.2980905389883   22.0345062666552   76.5616748113214   3.4746262922706   1.79685781948207   1.58660593182606e-13   2.37786897582673e-10
"607"   "AMMECR1"   98.4994107917736   128.647860520023   68.3509610635245   0.531302742130611   -0.912393936098541   1.49436930472296e-07   3.19947517874462e-05
"670"   "ANKRD12"   561.533037223932   703.924213382977   419.141861064887   0.595436061292081   -0.747981496973123   1.02444391579144e-10   7.16496074704534e-08
"746"   "ANO9"   121.442319711701   93.0549356735767   149.829703749825   1.61012097494114   0.687169087961583   0.000305067462388065   0.0126500503870087
"763"   "ANXA2P2"   741.849055793466   869.499936495066   614.198175091866   0.706380931512984   -0.501481696384226   9.71050613157301e-05   0.00530588124095481
"781"   "AP1G1"   104.612024360478   131.99988852867   77.2241601922855   0.585032010655924   -0.773412529420217   2.64920800213422e-06   0.00033893708719988
"895"   "ARC"   91.4944605656161   74.4206310973569   108.568290033875   1.45884667239446   0.544828261185711   0.00177372695978921   0.0441999276369326
"896"   "ARCN1"   112.899615464452   167.916097312497   57.8831336164066   0.344714619639381   -1.5365256089644   1.18557479988787e-12   1.38198502506929e-09
"899"   "ARF3"   278.399164168593   201.812428708721   354.985899628464   1.75898928475223   0.814746694360809   4.49095387641477e-06   0.000493658275263486
"962"   "ARHGEF2"   64.2750374996046   39.2418318868194   89.3082431123898   2.27584286508262   1.18640095061813   3.21283611045252e-09   1.16227115981922e-06
"1058"   "ARSB"   37.8136118131354   47.8041591443054   27.8230644819654   0.582021836174893   -0.780854814004211   0.00179162154720927   0.0444347556779491
"1113"   "ASH1L"   29.6269734381239   11.3633446848938   47.8906021913539   4.21448116900111   2.07535503662859   1.03006906105735e-07   2.27011904393541e-05
"1127"   "ASPHD1"   19.6173220016362   7.51541343356593   31.7192305697064   4.22055697269287   2.0774333991029   4.53055011055102e-08   1.15926832219002e-05
"1129"   "ASPM"   85.5021379728113   118.88886705886   52.1154088867622   0.438353987013439   -1.18983172494527   6.38874212686729e-10   2.91409972404194e-07
"1148"   "ATAD3C"   49.1957931747542   29.2588553181533   69.132731031355   2.36279684490809   1.24049559061377   6.97953179224654e-06   0.000704060269542869
"1219"   "ATP2B4"   337.28524876532   425.78434610138   248.78615142926   0.584300840806448   -0.775216729570832   4.05099948895302e-09   1.37093663350343e-06
"1242"   "ATP5S"   23.9300230986479   32.940896726179   14.9191494711168   0.452906597993737   -1.14271453800429   0.000131141201098231   0.00664638811942771
"1333"   "B3GALT2"   64.3688335562578   83.3326131832766   45.405053929239   0.544865355768671   -0.876028332087578   1.28832498269107e-05   0.00113578297423631
"1336"   "B3GALT6"   52.2576031893082   31.9845513287975   72.5306550498189   2.2676777393002   1.18121563280784   9.66700715586666e-05   0.00530588124095481
"1365"   "BAAT"   119.142842860494   148.527987909765   89.7576978112229   0.604315045766009   -0.726627233303543   1.41233171144347e-05   0.00121327574477052
"1366"   "BACE1"   53.3557630603228   64.9487810499722   41.7627450706735   0.643010452167545   -0.637085906062404   0.00198285234348791   0.0482190710683787
"1387"   "BAIAP2"   44.7941385806902   30.2425609936462   59.3457161677341   1.9623244268302   0.972563578909937   1.91893915151127e-05   0.00156058842158952
"1477"   "BCRP3"   54.8433942484881   70.7031553771746   38.9836331198016   0.55137048568538   -0.858906051505444   0.000231021882818307   0.0102263737242484
"1581"   "BOD1L"   484.714848675262   601.881339142651   367.548358207873   0.61066581451325   -0.711545010493231   2.83028494105098e-06   0.000357741196585131
"1607"   "BRCC3"   3495.38159454789   4001.27609157671   2989.48709751907   0.747133421713236   -0.420562195037461   0.00012466189515779   0.00647439575297214
"1608"   "BRD1"   230.90226871676   170.506922877535   291.297614555985   1.70842104027182   0.772663570892327   1.80964262226559e-08   5.13107047302388e-06
"1610"   "BRD3"   37.3230379700173   18.0317929868541   56.6142829531805   3.13969237526488   1.65062321184903   8.95269660558427e-07   0.000149083714427277
"1615"   "BRD9"   95.4087480338025   67.786495405327   123.031000662278   1.81497804137267   0.859952093788856   2.05399450987999e-07   4.14393392368289e-05
"1884"   "C14orf132"   339.991787448802   392.633521908564   287.350052989039   0.731853081703903   -0.450374035955791   0.000341515778547399   0.0137801616643876
"1911"   "C14orf184"   47.7569076693601   60.0973209555422   35.416494383178   0.589319021548029   -0.762879261838641   0.000637765117039382   0.0214448520604492
"1960"   "C15orf52"   373.098006096161   480.103046620403   266.09296557192   0.55424136015181   -0.851413719218849   7.70321203840287e-12   7.4225083957257e-09
"2056"   "C17orf76"   16.0246746283602   6.36984032011896   25.6795089366014   4.03142114182884   2.01128850199116   2.88431275125985e-06   0.000360230060398418
"2079"   "C18orf19"   543.179046244755   628.760358825167   457.597733664343   0.727777645714435   -0.45843035658525   0.000126945435238571   0.00652835569160711
"2122"   "C19orf52"   8.71293755198777   2.66526465907588   14.7606104448997   5.53814061002766   2.46940168332102   4.23864590207975e-06   0.000482769877506447
"2161"   "C1QTNF9"   6.54833154747333   2.79803879678751   10.2986242981592   3.68065814883741   1.87996376170803   0.00117940456420611   0.0332355904670679
"2231"   "C1orf213"   534.430607630759   638.669368096024   430.191847165493   0.673575199712434   -0.570089073927461   1.42585873100918e-06   0.00021068568939461
"2239"   "C1orf27"   49.1338980430458   61.8914124733008   36.3763836127907   0.587745248639834   -0.766737123776324   0.000146063702551058   0.00716053412833248
"2257"   "C1orf69"   27.8967477792243   14.8336452161408   40.9598503423078   2.76128016717958   1.4653372752112   0.00030722058001495   0.0126891775784915
"2300"   "C20orf186"   5.73383088958855   1.01193855106515   10.4557232281119   10.3323697047675   3.36909926576449   0.000101780364868538   0.00544784595834606
"2324"   "C20orf72"   34.7744218152656   22.0014587330278   47.5473848975034   2.16110147397304   1.11176681516856   2.37435480601269e-05   0.00177779260763532
"2340"   "C21orf34"   27.9071419200326   36.4689816235333   19.345302216532   0.530459073857127   -0.914686646708671   0.00112030248349469   0.0321122769244338
"2406"   "C2orf44"   95.9706197205698   115.950113167978   75.9911262731617   0.655377767187452   -0.609601362672628   0.000486853113271541   0.0176123310735577
"2548"   "C5orf20"   288.948470585921   345.707941814792   232.188999357049   0.671633397075503   -0.574254124592667   7.31747186261605e-06   0.000724222616138726
"2549"   "C5orf22"   282.983577726683   322.538764122126   243.42839133124   0.754726000125271   -0.405975119333647   0.00162119328909923   0.04224690311132
"2565"   "C5orf42"   185.55228942911   234.308281838353   136.796297019867   0.583830396205292   -0.776378770458516   3.7591393375827e-07   7.1703874164691e-05
"2724"   "C8orf55"   991.488128937176   876.876596188393   1106.09966168596   1.26140857960396   0.335035650998082   0.00168389934554101   0.0429150924461327
"2809"   "C9orf82"   439.274368775131   509.149500275229   369.399237275033   0.725522144429775   -0.462908445900014   9.48834268063002e-05   0.00526678323081955
"2862"   "CACNB1"   65.7649047848202   90.2586858548352   41.2711237148053   0.457253762603883   -1.12893305336033   1.69671540652027e-08   4.94451148050115e-06
"2872"   "CACNG7"   15.0392646383507   7.12899189371873   22.9495373829827   3.21918410416531   1.68669508646803   7.13546659088753e-06   0.000712935047666676
"2897"   "CALM3"   4.20028026025618   6.90093606521377   1.49962445529858   0.217307397304821   -2.20219080912409   0.00111488096412637   0.0320934561613694
"2954"   "CAPZA2"   1757.81606788573   1996.75298692075   1518.87914885071   0.760674534506651   -0.394648786874984   0.000371806708028803   0.0146567144169641
"2974"   "CASC2"   90.2396279890279   120.045930710443   60.4333252676128   0.503418357540009   -0.990170268438049   1.57683511293772e-08   4.86546387347929e-06
"3171"   "CCDC75"   30.8540484496513   40.0005861038094   21.7075107954932   0.542679818219612   -0.881826837756485   0.000977576886138849   0.0288894622886836
"3283"   "CCT5"   499.744452365694   566.336328294658   433.152576436731   0.764832758903234   -0.386783777511307   0.00116782372348937   0.0331191544423831
"3382"   "CD99L2"   9.71380581677916   4.34814713538938   15.0794644981689   3.46802075197452   1.79411253139745   0.000138076748788163   0.00693092426572542
"3402"   "CDC37L1"   360.403738330865   421.743404970135   299.064071691594   0.709113807512348   -0.495910906974935   8.61310415161894e-05   0.00494779979780564
"3445"   "CDH3"   687.981078818858   796.176145288532   579.786012349184   0.728213242484263   -0.457567118602786   0.000177501165357908   0.00837595298060837
"3493"   "CDKN1B"   28.7486943631532   20.0128893546634   37.4844993716431   1.87301786900193   0.905364663274233   0.000565354678693925   0.0196395229608542
"3570"   "CELSR3"   241.832220416639   196.161780656873   287.502660176405   1.46564055043579   0.55153132469332   5.41891276547676e-05   0.00342468757967571
"3600"   "CEP192"   585.046230192409   696.33746906279   473.754991322029   0.680352576689091   -0.555645512028184   1.77839284159512e-06   0.000245185655467945
"3716"   "CHMP5"   659.862931090253   777.756712267565   541.96914991294   0.696836351733717   -0.52110820818077   4.6729847346605e-06   0.000500247784197176
"3765"   "CHST6"   2.85222129591707   0.288492863592785   5.41594972824137   18.7732537324948   4.23060681095507   0.00151898514617426   0.0401500000616703
"3791"   "CIRBP"   1119.03030829743   936.31993909845   1301.74067749642   1.39027337039283   0.475368588943696   3.90520426557705e-05   0.00264319341613992
"3805"   "CKAP5"   118.408534059927   155.87120858772   80.9458595321347   0.519312452027218   -0.945325276235119   4.22599243485237e-07   7.88868838702266e-05
"3866"   "CLEC18B"   69.7692229051058   85.887059668246   53.6513861419656   0.624673685991855   -0.678825336376015   0.000261354804464229   0.011237185465714
"3906"   "CLLU1"   19.4763288635143   27.087657831066   11.8649998959625   0.438022363172165   -1.19092356658153   0.000600213303116118   0.0205108721921537
"3918"   "CLPB"   205.62626264815   174.308068845504   236.944456450796   1.35934301848533   0.442909553694886   0.000907955024185448   0.0276097279963175
"3957"   "CMTM7"   137.922525366505   170.222962610267   105.622088122742   0.620492596904028   -0.688514097220786   0.000336471469539784   0.0136430922359646
"4116"   "COQ10A"   3974.65815615774   4585.47770833343   3363.83860398206   0.733585204845458   -0.446963552343886   2.59501792508567e-05   0.00190379951413103
"4172"   "CPD"   90.203856407367   73.7262851993982   106.681427615336   1.4469931222875   0.533058064602672   0.00185330989064578   0.0457484095594468
"4178"   "CPLX1"   71.2852012957067   54.1059636793998   88.4644389120136   1.63502196238851   0.709310014815824   0.00200920297418924   0.0486802503515457
"4304"   "CS"   21.4328997904263   12.4996598384982   30.3661397423544   2.42935728929427   1.28057468494555   0.00131314291957651   0.0358016303802095
"4436"   "CTR9"   3680.39072733225   4203.11028539718   3157.67116926732   0.751270120186469   -0.412596370921057   0.000132340018214416   0.00667489966868959
"4513"   "CXCR5"   34.2255315444411   44.3779506673194   24.0731124215628   0.542456604227348   -0.882420366307508   0.000304173627123097   0.0126500503870087
"4578"   "CYP1A2"   19.4478398973704   12.9826824898532   25.9129973048875   1.99596634402329   0.997087394162117   0.00115824710216107   0.0330194846434017
"4638"   "CYTH4"   1000.81044331298   861.029125450706   1140.59176117525   1.32468429633923   0.40564857222269   0.00106235875310134   0.0310451411665353
"4818"   "DDX59"   16.0732390156063   23.1025253850457   9.04395264616702   0.391470304455166   -1.35302522093461   9.83162378547894e-05   0.00532563235907711
"4880"   "DEK"   5910.34287267588   6775.49657498386   5045.18917036789   0.744622791043165   -0.425418320731578   7.15430524368215e-05   0.00436371025066683
"4891"   "DENND4C"   939.425178129926   1076.63390286448   802.216453395376   0.745115355610678   -0.424464300071827   0.000178840288595584   0.00837595298060837
"4904"   "DERL3"   193.891740314556   149.362559833416   238.420920795696   1.59625625766997   0.674692275615851   1.36696472375492e-06   0.000204868955955899
"5037"   "DLG2"   404.410118056306   458.546251983622   350.273984128989   0.763879287233821   -0.388583421899453   0.00167812039870144   0.0429150924461327
"5043"   "DLGAP3"   92.8691508268246   116.990806079103   68.7474955745459   0.587631608658737   -0.767016094451419   4.37758058971846e-06   0.000488565935816344
"5326"   "DUSP28"   70.7881823587892   52.3494100464447   89.2269546711337   1.70445005191025   0.769306322612378   6.99272633762664e-05   0.00429009894783866
"5334"   "DUSP9"   37.3199106822939   48.6920445939586   25.9477767706293   0.532895609272664   -0.908075148647454   0.00172864135472456   0.0433855895990797
"5421"   "EDC3"   78.6629973901222   99.7070739015785   57.6189208786659   0.57788197591218   -0.791153221803108   0.000215076629314526   0.00968398677312742
"5489"   "EGLN1"   5.87310326734155   2.48263574460132   9.26357079008178   3.73134512794563   1.89969580731304   0.00168944172912523   0.0429150924461327
"5534"   "EIF2S3"   10.2620257274965   4.47430949296775   16.0497419620253   3.58708801598339   1.84281314497899   0.000242277507989149   0.0105030303153478
"5576"   "ELAVL2"   739.68038249687   854.552778497788   624.807986495952   0.731152015671048   -0.45175670313606   0.000262984440591844   0.0112611010867308
"5585"   "ELFN2"   270.427308062643   222.172168704729   318.682447420557   1.43439409750774   0.520441456680725   0.000547369562425609   0.0191268207626729
"5708"   "EPHB3"   158.675590110202   198.06380397079   119.287376249615   0.602267420185504   -0.731523876823333   3.24849142256327e-06   0.000391723258782888
"5769"   "ERMP1"   3219.71962467604   3745.41829719186   2694.02095216023   0.719284399870657   -0.475365780193512   8.71735472447381e-06   0.000819497129152457
"5823"   "EVI2B"   174.830220683974   206.898725964566   142.761715403382   0.690007706610197   -0.535315619625217   0.000679328513152508   0.0223411769012005
"5825"   "EVI5L"   123.398831427528   99.1239670438952   147.67369581116   1.48978799189671   0.575107038874333   0.000387682353829198   0.015063613237119
"5966"   "FAM123C"   91.5882883347427   59.8238260402162   123.352750629269   2.06193349362754   1.04399780023216   0.00067229739947965   0.0222224302571158
"6051"   "FAM173B"   114.54677640787   133.669137915316   95.4244149004236   0.713885167426441   -0.486236067843146   0.00177064961355029   0.0441999276369326
"6110"   "FAM20B"   216.891710800306   256.038131150134   177.745290450478   0.694214137761584   -0.526547348748696   0.000190766486404192   0.00877776845994024
"6140"   "FAM3A"   32.5970716974381   23.279860328598   41.9142830662781   1.80045251451912   0.848359550113482   0.000378487632589093   0.0148160960951201
"6149"   "FAM43A"   115.593426292904   89.702341548308   141.484511037499   1.57726664204529   0.657426573025462   0.000398991099817562   0.0153326579787035
"6154"   "FAM46B"   11.0913348279572   5.83781924465515   16.3448504112593   2.79982125623776   1.48533472682358   0.000661082717047094   0.0220426535476787
"6247"   "FAM83E"   127.803903057068   66.2893478682509   189.318458245885   2.85594087638564   1.51396611304063   0.000673599544539397   0.0222224302571158
"6315"   "FASTKD3"   119.950562229617   139.836107717425   100.06501674181   0.715587829032094   -0.48279924515037   0.00093894860821459   0.0280206271796387
"6364"   "FBXO22"   18.2802211370905   9.79207751316163   26.7683647610195   2.73367574194953   1.45084212618285   0.000785595519003627   0.0248993431718038
"6436"   "FDPS"   4.3618788674528   0.57433874172448   8.14941899318112   14.1892204045162   3.82672342075972   4.28508185870372e-05   0.00284524011263676
"6561"   "FLAD1"   53.3858955432546   37.2731676323213   69.4986234541879   1.86457518555311   0.898846972299363   4.27963002650839e-06   0.000482769877506447
"6586"   "FLJ25328"   13.809446427675   4.44078264647333   23.1781102088766   5.21937506382655   2.3838770776205   4.5643744829433e-06   0.000493658275263486
"6659"   "FLJ45079"   206.286428651776   170.668795999008   241.904061304544   1.41738892507303   0.503235681534281   0.000373019040065714   0.0146567144169641
"6671"   "FLNB"   87.9307932590734   135.753992199084   40.1075943190626   0.295443203322113   -1.75904728482708   1.35063561947528e-15   2.83390365678304e-12
"6685"   "FLYWCH2"   36.7781684139889   26.4299382718359   47.126398556142   1.7830688089938   0.83436237793692   0.000386053133187963   0.0150560721943305
"6829"   "FSIP2"   825.119692953242   1039.45557009969   610.78381580679   0.58759973333753   -0.767094353711874   8.4901440042616e-12   7.4225083957257e-09
"6851"   "FUCA2"   72.4837346214053   88.4456583699611   56.5218108728496   0.639056929582948   -0.645983637316696   0.00127806390195659   0.0352846536721752
"6895"   "FZR1"   664.931663887567   579.732826660329   750.130501114805   1.29392448834765   0.371753426089995   0.000940164023184903   0.0280206271796387
"7049"   "GBP2"   44.5495592151196   58.8833739226401   30.215744507599   0.513145604518109   -0.962559847786371   6.03168996276442e-05   0.00378912930535099
"7126"   "GFPT2"   409.627387243704   504.171223187543   315.083551299866   0.624953461857263   -0.678179333668689   2.31064219792983e-08   6.37919665749521e-06
"7151"   "GH1"   13.772504837049   19.880514185065   7.66449548903308   0.385528030999869   -1.37509233535846   0.000187485334300291   0.0086647957803716
"7161"   "GIF"   17.3202857542665   23.9653626738824   10.6752088346505   0.445443241561475   -1.1666864798281   0.00136391319906297   0.0367835819315413
"7197"   "GJB6"   50.9229356420161   62.1238377481107   39.7220335359215   0.639400831883241   -0.645207473770109   0.00165755772494801   0.0427446115545244
"7208"   "GK5"   70.8275440580493   87.1023220931039   54.5527660229946   0.626306678307417   -0.67505883240704   0.000884185586303752   0.0271935735816949
"7222"   "GLG1"   135.839375494847   173.947237267784   97.7315137219093   0.561845737000445   -0.831754023185739   5.97466619687007e-08   1.45767960631079e-05
"7232"   "GLIS2"   27.7795367662153   18.7230345148109   36.8360390176197   1.96741820822263   0.976303659598384   0.000453253657699834   0.0169220075549073
"7350"   "GOLGA5"   18.1661654597481   25.8392074998958   10.4931234196004   0.406093082368828   -1.30011764314147   9.84818108532037e-05   0.00532563235907711
"7373"   "GOLPH3"   1102.19771221601   1247.00507786443   957.390346567586   0.767751762652941   -0.381288175452104   0.00050923966200595   0.0182335607307318
"7377"   "GON4L"   43.0564638284187   28.6937753420232   57.4191523148143   2.00110134098393   1.00079423092822   1.99009864785547e-05   0.0015821701257758
"7380"   "GORASP1"   9.68109063806616   5.33846459101556   14.0237166851168   2.62691949080606   1.39337198577999   0.00107206535184932   0.0312417711284756
"7464"   "GPR148"   10.9603064218505   4.5471088579002   17.3735039858007   3.82078030870446   1.93386730646419   0.000367618471823446   0.0146086567723476
"7484"   "GPR176"   52.4794475216833   64.7947888569508   40.1641061864158   0.619866302444278   -0.689971017453278   0.000877579289296393   0.0271935735816949
"7522"   "GPR78"   45.8066294629307   28.561406661696   63.0518522641654   2.2075891783273   1.14247171852239   4.70177997962331e-05   0.00310228765825334
"7689"   "GTF2H5"   103.700712827089   122.579289757252   84.8221358969253   0.69197770736722   -0.531202533887803   0.00122039903501289   0.0340620356812182
"7730"   "GULP1"   43.4875108887057   58.2154053617479   28.7596164156635   0.494020719033949   -1.01735654574804   5.17733112750035e-06   0.000532503733907903
"7812"   "HAUS6"   1061.78799370127   1204.57490910049   919.001078302045   0.762925635723479   -0.3903856540811   0.000481955051017004   0.0175562168063173
"7992"   "HIRIP3"   158.801650745793   114.091133212569   203.512168279016   1.78376848882587   0.8349283833656   6.54701727075116e-08   1.56101723153296e-05
"8065"   "HIVEP1"   364.698585874053   436.584097409637   292.81307433847   0.670691113294788   -0.576279608520499   9.3574707967143e-05   0.00524969123680908
"8096"   "HLA-G"   68.9539498693871   50.2443360442095   87.6635636945646   1.74474519112822   0.803016355438915   0.00073247581906112   0.0235705619154285
"8120"   "HMGCS1"   1296.50027196598   1470.48639156402   1122.51415236794   0.763362489314861   -0.389559798835616   0.000371611994976894   0.0146567144169641
"8130"   "HMHA1"   204.858710033815   172.349969798772   237.367450268857   1.37724103198855   0.461781068713304   0.0012865283324127   0.035332378888329
"8212"   "HOXC8"   138.267640194103   161.78275413918   114.752526249026   0.709300115822639   -0.495531911714867   0.00138915024544897   0.0373681416025773
"8235"   "HPS1"   111.751257093506   133.554466901625   89.9480472853873   0.673493364708214   -0.570264362636621   0.00102374447992052   0.0300843230780005
"8244"   "HPYR1"   14.929369834913   8.80790957536007   21.0508300944659   2.38999162222954   1.25700556105578   0.000798839063960023   0.025242833192785
"8312"   "HSP90AB2P"   44.1844605088194   58.3619821548899   30.0069388627488   0.514152154447253   -0.959732731610551   0.000139040138967528   0.00693268009825362
"8387"   "HYAL3"   160.120958434516   118.6255278219   201.616389047131   1.6996037256823   0.765198411282948   4.28610464264886e-07   7.88868838702266e-05
"8492"   "IFT74"   88.7513906981785   105.109987371743   72.3927940246141   0.688733733442307   -0.537981754465629   0.00205758858676664   0.0497377001469328
"8503"   "IGF2BP1"   179.713851290348   207.804236880133   151.623465700562   0.729645689505467   -0.454732022787223   0.00207265998124753   0.0499868410649836
"8532"   "IGSF3"   57.2605472489383   43.4766412567837   71.0444532410929   1.63408329593555   0.708481525448287   0.000961060337170899   0.0285622776126343
"8588"   "IL1F9"   54.4401851067661   70.1020387187669   38.7783314947654   0.553169810800154   -0.854205671221366   3.12443903437554e-05   0.00221476283173201
"8602"   "IL21R"   298.653712032344   251.006595803394   346.300828261294   1.37964832020805   0.464300563125485   0.000227626335397979   0.0101187622231364
"8634"   "IL6ST"   127.747422154645   104.614192055391   150.880652253898   1.44225796987478   0.528329235711013   0.00111658674091124   0.0320934561613694
"8719"   "INTS6"   70.1154360913267   83.310937743426   56.9199344392275   0.683222827409826   -0.54957191670768   0.00179053109134945   0.0444347556779491
"8727"   "IP6K3"   235.425597833844   202.244804287349   268.606391380339   1.32812505283797   0.409390993533709   0.00198557227161754   0.0482190710683787
"8781"   "IRGQ"   64.7358893569   43.7519754658088   85.7198032479911   1.95922132281728   0.970280380400477   1.08102625453902e-06   0.00016926934979655
"8783"   "IRS2"   139.544243714149   181.891771825012   97.1967156032863   0.534365653971383   -0.904100812445066   5.46725264867731e-10   2.60713397896699e-07
"8877"   "IZUMO4"   3.29283445165128   0.575662234455024   6.01000666884753   10.4401614508153   3.38407211737845   0.00190713919342608   0.046817058017202
"8882"   "JAK2"   372.492214362898   450.277006947721   294.707421778075   0.654502488980727   -0.611529416340492   8.65108952587398e-06   0.000819497129152457
"8906"   "JPH3"   17.6549606236307   8.74086076013898   26.5690604871224   3.0396389115687   1.60389995148793   2.12788227623092e-05   0.00164144212940725
"9050"   "KCTD13"   9.77317527002248   4.56826769103054   14.9780828490144   3.27872267170832   1.71313387761639   0.000932217208219142   0.0280206271796387
"9104"   "KIAA0020"   1304.81645698468   1471.7820252544   1137.85088871495   0.773111010455691   -0.371252510316611   0.000880336012621781   0.0271935735816949
"9123"   "KIAA0317"   55.2973457681596   71.9868542099313   38.6078373263879   0.536317884009739   -0.89883973273977   3.2160305488799e-05   0.00226438768377846
"9149"   "KIAA0895"   425.026408400447   574.599631538644   275.45318526225   0.479382808730056   -1.06074992182981   5.67327562514001e-17   1.97674704255249e-13
"9154"   "KIAA0947"   905.166960331845   1072.29926464762   738.034656016072   0.688273022604941   -0.538947131377881   1.49817973310201e-06   0.000218297271944072
"9161"   "KIAA1143"   19.2925085836063   27.3006345607987   11.284382606414   0.413337740603925   -1.2746069970924   7.52746146102914e-05   0.0045179382623834
"9168"   "KIAA1217"   31.0718947015896   41.8356798958728   20.3081095073065   0.485425587867881   -1.04267793671325   0.000141935401346763   0.00699081828886804
"9185"   "KIAA1430"   65.170620267815   79.0806138468702   51.2606266887599   0.648207243155949   -0.625472953270818   0.00195906599016896   0.0477966541927035
"9188"   "KIAA1467"   350.622005545508   429.845474843136   271.39853624788   0.631386282121317   -0.663405178757431   4.80397455288762e-07   8.68939604040414e-05
"9200"   "KIAA1614"   148.143837253236   176.428613619602   119.859060886871   0.679362935681732   -0.557745584304624   0.00022631471038517   0.0101032664963864
"9215"   "KIAA1841"   48.8950834152509   69.1059139085052   28.6842529219966   0.415076674334616   -1.26855023441611   3.42166649301563e-09   1.19655677260757e-06
"9226"   "KIAA2026"   599.391650165233   701.664705198977   497.118595131489   0.708484538908817   -0.497191724994541   2.40631541592046e-05   0.00177779260763532
"9312"   "KLF3"   647.51887104273   727.913943920057   567.123798165402   0.779108303807526   -0.36010420369231   0.00207793335826269   0.0499990799576465
"9313"   "KLF4"   7.98089263719265   4.07995268025674   11.8818325941286   2.9122476472891   1.54213304246125   0.00187797975265962   0.0462485577116246
"9359"   "KLHL5"   408.130357575666   467.568968135009   348.691747016324   0.745754681725671   -0.42322696529542   0.00190998959406753   0.046817058017202
"9363"   "KLHL9"   1078.92224383585   1222.43422973052   935.41025794118   0.765202932960565   -0.386085691460063   0.000393825774988256   0.0151898022257419
"9416"   "KRI1"   85.8988107319835   101.81423930367   69.983382160297   0.687363404558426   -0.540855050665502   0.00165870411730543   0.0427446115545244
"9465"   "KRT76"   3.73485143954876   0.797106282826721   6.67259659627079   8.37102496872593   3.06540428069263   0.000743611785350769   0.0237842415857162
"9611"   "LAPTM4A"   378.287228554025   458.142445219357   298.432011888692   0.651395684907133   -0.618393932082776   1.30497399889934e-06   0.000198412785832651
"9677"   "LCORL"   173.44417487515   206.289643198442   140.598706551858   0.681559696220951   -0.553088070035689   8.54590748480436e-05   0.00494779979780564
"9734"   "LGALS3"   35.5993235501018   47.5059428355545   23.6927042646492   0.498731376549317   -1.00366512515456   1.04200590143781e-05   0.000958919641402114
"9764"   "LHX4"   629.328478630644   737.374619370538   521.282337890751   0.706943694828749   -0.500332780031076   5.36382258039891e-05   0.00342213770129638
"9839"   "LMBRD2"   69.6830267798474   96.7498438453766   42.616209714318   0.44047833071882   -1.18285704721376   1.97757426335616e-09   7.97951215264211e-07
"9843"   "LMLN"   276.134448481278   334.032089903066   218.236807059491   0.653340842560431   -0.614092264550413   4.90429752519409e-06   0.000514509853368112
"9904"   "LOC100129066"   380.652369866402   489.167732356739   272.137007376065   0.556326571388812   -0.845996081340802   5.89933575455847e-07   0.000101458903936185
"9915"   "LOC100129387"   17.7715072757948   23.7893382445182   11.7536763070715   0.494073277123626   -1.01720306784877   0.000753494178707347   0.0240270742517288
"9926"   "LOC100129637"   62.129537709789   25.6142544298894   98.6448209896887   3.85116893640986   1.94529641017074   0.000815220153970732   0.0256062114829549
"9932"   "LOC100129917"   24.3611899546603   14.4564881254074   34.2658917839131   2.37027772489852   1.24505610927525   0.000696480410839675   0.0226215974926286
"9943"   "LOC100130274"   223.66621465412   267.669865591393   179.662563716847   0.671209526406339   -0.575164902945069   2.4035389458795e-05   0.00177779260763532
"9980"   "LOC100131496"   142.767209461426   110.605817682497   174.928601240355   1.58154973133964   0.661338921665631   8.45823554785892e-06   0.000814085771858605
"10069"   "LOC100286844"   93.8247149265408   122.037603653058   65.6118262000239   0.537636140304366   -0.89529797446894   6.5417749068629e-07   0.00011069316217403
"10251"   "LOC221710"   489.829359036407   553.165077571914   426.493640500899   0.771006084427759   -0.37518584961201   0.00122079167058794   0.0340620356812182
"10357"   "LOC286002"   76.5426025645578   97.2906719854134   55.7945331437021   0.573482863311575   -0.802177718297156   3.51500053190304e-05   0.00242604411711808
"10420"   "LOC387646"   1387.96685956293   1617.77031260782   1158.16340651804   0.715901013569164   -0.482167972628676   8.76369148537606e-06   0.000819497129152457
"10488"   "LOC400958"   54.7125025007717   77.2775497405208   32.1474552610226   0.415999929720416   -1.2653448102518   0.00166235835613821   0.0427446115545244
"10512"   "LOC407835"   348.648144850732   432.831214153121   264.465075548344   0.611012022471155   -0.710727327627527   9.2180306443105e-09   3.02207373404567e-06
"10718"   "LOC728554"   26.0629529173518   16.8817920106746   35.244113824029   2.08769980116706   1.0619142758425   3.04332883711486e-05   0.00217194304967156
"10814"   "LPAR4"   19.9051174471193   27.3584992716597   12.4517356225789   0.455132260689366   -1.13564224383281   0.00053600030895214   0.0188697289973722
"10843"   "LRDD"   202.367110184453   151.330025528814   253.404194840093   1.67451365949743   0.743742144577818   4.16148790157077e-06   0.000482769877506447
"11062"   "MACC1"   67.6405212401996   91.385218341102   43.8958241392972   0.480338340665257   -1.05787712562082   0.000688818387694808   0.0225615306722143
"11076"   "MAFA"   287.223874499036   212.468250941521   361.979498056551   1.70368747543453   0.768660711741721   2.98866648700083e-07   5.8063148361344e-05
"11155"   "MAP1B"   43.2888073659181   60.6676243133762   25.90999041846   0.427081012512093   -1.2274183358995   4.0331590322768e-08   1.0577967851904e-05
"11168"   "MAP2K7"   6.45189640929345   1.65861439541344   11.2451784231735   6.77986303161827   2.76125612799273   1.39298742470042e-05   0.00121327574477052
"11272"   "MBD3"   1096.04964044437   904.619557798427   1287.47972309031   1.42322782211746   0.509166618667788   5.38225832345727e-05   0.00342213770129638
"11297"   "MC1R"   41.4116525484986   24.2630493973707   58.5602556996266   2.41355712303716   1.27116097227545   0.000463078751230951   0.0170746251688245
"11456"   "MEX3D"   263.74880331038   306.706817486333   220.790789134427   0.71987571369934   -0.47418024764823   0.000293159940300063   0.0122531511302309
"12497"   "MLL"   449.545802927364   533.664408859183   365.427196995546   0.684750923856288   -0.546348787491596   4.5455209286024e-06   0.000493658275263486
"12505"   "MLLT3"   134.727256342081   158.919968932188   110.534543751974   0.695535900835344   -0.52380311193812   0.000481509006454383   0.0175562168063173
"12511"   "MLST8"   6.60827750230478   2.5311670286337   10.6853879759759   4.22152621897249   2.07776467439962   0.000721522870513448   0.0232907582601741
"12546"   "MMP7"   402.163051331425   508.945044943674   295.381057719175   0.580379081501551   -0.784932573342521   2.38257815109099e-10   1.38864596572753e-07
"12604"   "MPDZ"   516.388978795311   620.406917179223   412.371040411399   0.664678340928738   -0.589271751588728   9.87061786393282e-07   0.000158519618810487
"12637"   "MRAS"   3.98543713533287   0.576985727185569   7.39388854348017   12.8146818805141   3.67972575961898   0.00111412865285599   0.0320934561613694
"12643"   "MRFAP1"   249.088469781824   284.833107301329   213.343832262319   0.74901346365126   -0.416936443268317   0.00159981983211423   0.0420644357361163
"12653"   "MRI1"   52.1251516910395   31.6699454070861   72.5803579749929   2.29177401609139   1.19646479194042   3.28377880447335e-05   0.00229571131844311
"12725"   "MRPS30"   158.297438528533   184.989056920985   131.605820136081   0.71142489359408   -0.491216638007437   0.00086934729664217   0.0270632714809288
"12842"   "MTMR7"   24.6744124715221   32.7868882883511   16.5619366546932   0.505139021093916   -0.985247603179103   0.0011816676431433   0.0332355904670679
"12871"   "MTVR2"   239.283666302267   279.894591302861   198.672741301672   0.709812720484823   -0.49448966585913   0.000347821831071253   0.0139808384282319
"12872"   "MTX1"   4.81079851860637   1.45482664780855   8.16677038940419   5.61356942540615   2.48891840983298   0.000885157703885094   0.0271935735816949
"12884"   "MUC4"   1071.56215535325   1257.06501503809   886.059295668416   0.704863539330596   -0.504584114236632   8.26067759098193e-05   0.00484149545290455
"12933"   "MYD88"   14.3010678075842   19.8165754233654   8.78556019180298   0.443344019039944   -1.17350148199435   0.00168221724845497   0.0429150924461327
"13026"   "N4BP2"   46.7645941067456   58.8966096556973   34.632578557794   0.588023296421509   -0.766054781720288   0.000178706390985276   0.00837595298060837
"13264"   "NDC80"   372.045532466414   430.816265020435   313.274799912392   0.727165674437878   -0.459643995585056   0.000198200368469278   0.00908000028651179
"13276"   "NDRG4"   361.888816463503   424.866428236821   298.911204690184   0.703541595250663   -0.507292372935337   7.92938349020681e-05   0.00467343607841347
"13283"   "NDUFA11"   224.783777552394   187.430598709759   262.136956395029   1.39858143867403   0.483964263646328   0.0003085422621072   0.0126937916539868
"13373"   "NEURL4"   244.441720677507   207.271889886287   281.611551468728   1.3586577110057   0.442182041216635   0.00146458059109869   0.0391962116867765
"13454"   "NIPAL3"   41.8855380315094   52.9378936067887   30.8331824562302   0.582440674448675   -0.779816985957253   0.00066432792013026   0.0220552664876157
"13456"   "NIPBL"   633.959298554829   801.807968626399   466.110628483259   0.581324514997983   -0.782584345236774   3.86078285482558e-10   2.02517364649876e-07
"13541"   "NNT"   390.803302024948   446.129422519665   335.477181530232   0.751972778741003   -0.411247657301168   0.000809731179365416   0.0255101795877555
"13559"   "NOL9"   120.223382263019   81.7710605501762   158.675703975862   1.94048729352722   0.956418986266737   2.88961576087221e-09   1.11000756460274e-06
"13798"   "NUP153"   882.968160006172   1016.83962182552   749.096698186821   0.736691098682774   -0.440868284004025   0.000101627486921502   0.00544784595834606
"13836"   "NXPH3"   825.489086972075   963.777631758292   687.200542185858   0.713028108913616   -0.487969143336098   2.85895770762323e-05   0.00206850519383968
"13882"   "OFD1"   11.7554895314836   6.08881966132963   17.4221594016377   2.86133608329486   1.51668896191357   0.00103629576958869   0.0303680975384217
"14008"   "OR1J1"   867.868144080134   989.309446404973   746.426841755296   0.754492787335367   -0.406420985686411   0.00033681830989561   0.0136430922359646
"14344"   "OSBPL11"   39.0143944410468   50.1385426843095   27.890246197784   0.556263598912141   -0.846159394090326   0.000629403388471334   0.0213002288659767
"14360"   "OSMR"   548.579924660911   621.46758070405   475.692268617771   0.76543376257675   -0.385650556530846   0.000928468666965833   0.0280206271796387
"14381"   "OTUB1"   3.32856461974502   0.856219825184002   5.80090941430605   6.77502347374336   2.76022594504872   0.000769139561177369   0.0244516458676114
"14402"   "OXCT2"   182.342790599471   238.378473706071   126.307107492872   0.529859536094744   -0.916318137924   1.76293655922316e-10   1.08793926134178e-07
"14518"   "PAQR4"   828.939120765644   719.072291572016   938.805949959272   1.30557937075684   0.384690166817011   0.000415252943547799   0.0158415222936726
"14521"   "PAQR7"   197.18368306414   160.049154044178   234.318212084103   1.46403905402352   0.549954038795837   0.000390348086948754   0.0151112242811047
"14537"   "PARM1"   50.4220965085749   61.867947206395   38.9762458107548   0.629990933442931   -0.666597028768529   0.00141851345091755   0.0380604210065883
"14573"   "PAX7"   166.457460067231   112.530507521341   220.38441261312   1.9584414703837   0.969706012818172   3.22553181626601e-11   2.41707530603191e-08
"14594"   "PCBP4"   207.856237324999   169.803400170239   245.90907447976   1.44819876535582   0.534259625980147   8.48252430809878e-05   0.00494389791757024
"14632"   "PCDHB16"   86.7254759968003   64.0157913816641   109.435160611937   1.70950258131593   0.773576601214638   6.1286599947031e-05   0.00382712928597799
"14633"   "PCDHB17"   53.6306256489419   39.5992242263713   67.6620270715124   1.70867052053137   0.7728742318755   0.000314118462024668   0.0128727218168
"14641"   "PCDHB7"   16.1634197587755   7.55687067515641   24.7699688423947   3.27780769410639   1.71273121535945   1.75901220933566e-06   0.000245185655467945
"14642"   "PCDHB8"   44.8375571465639   30.5702679592494   59.1048463338784   1.93340949489439   0.95114723179952   0.000594494110517924   0.0203818225929528
"14675"   "PCID2"   88.9238791276392   70.8756691734006   106.972089081878   1.50929212139311   0.593872064511234   0.000837409046796573   0.0262246516714712
"14728"   "PDDC1"   897.242492140678   622.781727134362   1171.70325714699   1.88140275492413   0.911808721978527   2.4799109350358e-15   4.3361242699101e-12
"14847"   "PEX13"   33.2222158975575   43.4020585540672   23.0423732410477   0.530905077056269   -0.913474156837137   0.000418522780376353   0.0158509837145426
"14944"   "PHF2P1"   35.9255452232999   14.9840813381387   56.8670091084612   3.79516153344141   1.9241612923694   0.000170147159946955   0.00815074819636305
"14959"   "PHLDA2"   14.7255064871664   8.18503386608374   21.2659791082491   2.59815407684124   1.37748698863937   0.000517984701151602   0.0184074252207246
"14982"   "PI4K2A"   20.4687207262092   10.4352451416269   30.5021963107915   2.92299758144791   1.54744863542705   0.00168857901785607   0.0429150924461327
"15022"   "PIK3C2A"   36.3668650433327   52.4366988536983   20.2970312329671   0.387076831239836   -1.36930813821483   6.90357275161266e-08   1.60945292749263e-05
"15053"   "PIP5K1A"   7.57684937433213   2.32559352598962   12.8281052226746   5.51605647303126   2.46363722714651   0.00046385169889572   0.0170746251688245
"15073"   "PITX3"   43.9615310084433   56.6953862429757   31.2276757739108   0.550797478300622   -0.860406140446284   0.000273193780069428   0.0116507152305218
"15080"   "PKD1"   46.1731776034329   32.0100698526973   60.3362853541685   1.88491576656414   0.914500053533474   8.6307059670044e-05   0.00494779979780564
"15098"   "PKMYT1"   136.487263653962   102.259770313858   170.714756994065   1.66942245684792   0.739349083087114   2.1083606279663e-05   0.00163843047022181
"15101"   "PKN3"   143.379786571511   168.641358753839   118.118214389183   0.700410713374275   -0.513726943706226   0.000481466897972805   0.0175562168063173
"15132"   "PLAA"   820.157926523802   944.770679221362   695.545173826241   0.736205292060374   -0.441819974611441   0.000120323123325041   0.0062801486905622
"15174"   "PLEC"   71.5963834480383   85.9881624979689   57.2046043981077   0.665261388734279   -0.588006791661923   0.00093337503870489   0.0280206271796387
"15201"   "PLEKHJ1"   391.32353111405   335.227112292634   447.419949935467   1.33467709958046   0.416490750766062   0.000484286726355446   0.0175801108864879
"15218"   "PLK1"   10.9882739031539   15.9364400125219   6.04010779378589   0.379012363428717   -1.39968318483828   0.00150598168989447   0.0399981111612224
"15282"   "PNKD"   15.2918641772545   7.72449434634129   22.8592340081676   2.95931785088236   1.56526466012241   2.59426439946801e-06   0.00033600528166443
"15336"   "POLE"   10.8495804351714   15.2699280220221   6.42923284832076   0.421038844390662   -1.24797475464893   0.00172351293768417   0.043360609662457
"15360"   "POLR2G"   94.2350997394647   139.511353369113   48.9588461098166   0.350930909402646   -1.51074107140483   0.000618225223433036   0.0209896466635469
"15552"   "PPP2R3B"   33.1491383423015   24.2617851268195   42.0364915577836   1.73262154198685   0.7929565597918   0.00151935468730179   0.0401500000616703
"15624"   "PRDM1"   104.523538637025   126.255612269158   82.7914650048917   0.655744830007185   -0.608793566781241   0.000281921280288987   0.0119259522238378
"15645"   "PREB"   13.7460464998801   7.11398826193248   20.3781047378277   2.86451199910921   1.51828938106531   0.000661846903776454   0.0220426535476787
"15670"   "PRKAA1"   1028.32140012762   1162.34479150627   894.298008748969   0.769391333177529   -0.378210516425466   0.000514975362613417   0.0183762126842767
"15785"   "PRR24"   13.5835418752061   6.78932076063247   20.3777629897797   3.00144354762837   1.58565653342458   3.97004751702605e-05   0.00266985695520002
"15848"   "PSD4"   264.940549669007   319.249285670998   210.631813667016   0.659772231672532   -0.599960035492194   4.26442813634876e-06   0.000482769877506447
"15864"   "PSIP1"   1791.88658128476   2023.72673755677   1560.04642501275   0.770878002479809   -0.375425534544397   0.000290546788837703   0.0121925054467854
"15920"   "PSPH"   772.790404948173   907.013720808945   638.567089087401   0.704032446739479   -0.506286175014222   0.000690329934780363   0.0225615306722143
"15933"   "PTCH1"   51.1236596694406   22.757957637647   79.4893617012342   3.49281613784798   1.80439070113633   7.94011520004384e-12   7.4225083957257e-09
"15941"   "PTEN"   118.878140791102   160.307366458724   77.448915123481   0.483127611876916   -1.0495237863535   3.29566441183238e-10   1.8197271233965e-07
"15942"   "PTENP1"   18.9546431087479   26.2265486865925   11.6827375309033   0.445454629601178   -1.16664959688351   0.000237418262420039   0.0104215690002035
"15969"   "PTK6"   27.2907375639224   18.5254019685501   36.0560731592947   1.94630449695536   0.960737435649339   0.000446434136249854   0.0167269304407044
"16092"   "QRFPR"   21.1585143498277   31.2416165361305   11.0754121635248   0.354508293471828   -1.49610871619346   8.92296623699769e-05   0.00508754558654037
"16135"   "RAB31"   143.304551079283   165.37583544377   121.233266714795   0.733077274497071   -0.447962812411355   0.000462139438409617   0.0170746251688245
"16146"   "RAB3A"   9.79821964934037   4.87752122539211   14.7189180732886   3.01770456613551   1.59345157265251   0.0010969004758965   0.0317889030183154
"16149"   "RAB3D"   114.459199768835   143.498570725718   85.4198288119525   0.595266060002947   -0.748393455621822   1.23105865194351e-05   0.00110384925790935
"16227"   "RAI14"   251.224832315635   290.2161886541   212.23347597717   0.731294408356127   -0.451475763994773   0.00174964527059881   0.0438079439948738
"16272"   "RARB"   67.9266400792375   92.3796231077751   43.4736570506999   0.470597904474899   -1.08743319848665   2.96255950899596e-09   1.11000756460274e-06
"16285"   "RASAL2"   201.340454268545   254.179104188594   148.501804348496   0.58424080461906   -0.775364972314656   5.04589325610135e-08   1.26039205118474e-05
"16312"   "RASSF7"   370.716389631537   313.610267416088   427.822511846985   1.36418528440385   0.448039605312782   0.000239045078278742   0.0104492579842595
"16343"   "RBM15B"   86.3529643370334   103.043271118864   69.6626575552031   0.676052466102759   -0.564792881443411   0.000935665477509573   0.0280206271796387
"16406"   "RCAN3"   590.62531155668   728.821671199381   452.42895191398   0.620767699140234   -0.687874604215693   2.25706417508094e-06   0.00029973240836423
"16453"   "RELA"   324.70544553902   161.020214535331   488.390676542709   3.03310163852468   1.60079384314463   3.42229876503724e-20   1.79516681720028e-16
"16508"   "RFX3"   111.07862454155   136.65424485635   85.5030042267493   0.625688607892346   -0.67648325820961   2.15193999515242e-05   0.00164788339336818
"16577"   "RHO"   130.620534310154   152.536848246878   108.704220373429   0.712642365584302   -0.488749842679729   0.00193626491049239   0.0473504782656775
"16604"   "RICTOR"   421.50425182979   482.633218800074   360.375284859506   0.74668562134093   -0.421427145044344   0.000362061258545884   0.0144976513870415
"16611"   "RIMBP3"   30.0420805102512   20.3207552963473   39.7634057241551   1.95678778393157   0.968487302377183   0.000539252178038515   0.0189207177250905
"16743"   "RNF26"   4.07632095803146   6.66448189578465   1.48816002027828   0.22329718101861   -2.16296305669671   0.00182868134275418   0.0452469244500805
"16762"   "RNH1"   2069.53694378694   1785.83396312115   2353.23992445273   1.31772604455338   0.398050464999959   0.000148965688583268   0.00723518073577347
"16838"   "RPL15"   87.1048096101985   102.655078457281   71.5545407631164   0.697038488874113   -0.520689774267513   0.00128620064907011   0.035332378888329
"16876"   "RPL36"   1090.7931620417   941.521497392286   1240.06482669112   1.3170860464957   0.397349601325249   0.00123650541216024   0.0342273833218288
"16910"   "RPRD2"   93.1603752329591   123.031950809055   63.2887996568635   0.514409462263079   -0.959010914440656   2.51251660967443e-08   6.75866968002422e-06
"16951"   "RPS6KA3"   81.1529827197868   102.73360724935   59.5723581902236   0.579872154645874   -0.786193232904052   3.30428375831578e-05   0.00229571131844311
"17056"   "RUNX1"   4.67497069149364   8.06813107985144   1.28181030313584   0.158873262029283   -2.65405175172132   0.00162286740576322   0.04224690311132
"17140"   "SAMD9L"   9.78932438656494   13.769667970912   5.80898080221791   0.42186789212995   -1.24513680497789   0.00116805711025467   0.0331191544423831
"17226"   "SCD"   164.195225209774   137.311029329675   191.079421089873   1.3915810115377   0.476724898279056   0.000703051286010889   0.0227645402516674
"17358"   "SECTM1"   37.8177101874051   48.7405929285494   26.8948274462609   0.551795245611539   -0.857795068718476   0.000416883171680145   0.0158460918626681
"17359"   "SEH1L"   885.05275993139   994.070724954702   776.034794908079   0.780663563896263   -0.357227158904705   0.00117279382475621   0.0331638275350874
"17386"   "SEMA4G"   69.1011393716714   84.4988885510647   53.7033901922781   0.635551438760332   -0.653919199489978   0.000365689567904788   0.0145872595318978
"17472"   "SERPINF1"   147.274778466483   181.490353948402   113.059202984565   0.622948826342074   -0.682814440490125   5.66047784705279e-06   0.000576544398965347
"17473"   "SERPINF2"   359.473419315205   304.675519287817   414.271319342594   1.35971318047134   0.443302359746519   0.000215006252021009   0.00968398677312742
"17494"   "SETD6"   68.4186037841789   86.9630010809578   49.8742064874   0.573510640933031   -0.802107840592389   3.88513320817651e-05   0.00264319341613992
"17585"   "SH3BP2"   312.868354066947   235.646178131341   390.090530002553   1.65540783685076   0.727186692390249   0.000421069929683922   0.0158900886054461
"17608"   "SHANK2"   388.765311836099   452.910024439638   324.620599232559   0.716744125136545   -0.480469920564372   0.000201300789113102   0.00914219298088984
"17676"   "SIPA1"   26.9844638884941   17.5385870452874   36.4303407317008   2.07715368619102   1.05460796346371   0.00136223546895578   0.0367835819315413
"17682"   "SIRPB2"   14.5643374621829   7.13163887917982   21.9970360451859   3.08442931811989   1.62500358626964   2.00639565692381e-05   0.00158263885990885
"17690"   "SIRT6"   96.2031984780214   69.9070328411445   122.499364114898   1.75231817367022   0.80926475319259   3.10423410324489e-06   0.00037868046485049
"17733"   "SLC12A2"   127.647964070318   155.661795267291   99.6341328733451   0.640067992934688   -0.643702927494403   1.40113020873869e-05   0.00121327574477052
"17846"   "SLC25A30"   357.24174990388   438.467479107744   276.016020700016   0.629501693630033   -0.667717835468308   2.64981818518893e-07   5.24514010958812e-05
"17881"   "SLC27A3"   40.7965917137288   25.8891247651024   55.7040586623552   2.15163931449094   1.10543625502861   4.91433380993781e-05   0.00321007980468343
"17907"   "SLC30A1"   375.606258503229   445.712828954722   305.499688051735   0.685418206983604   -0.54494357975032   1.15017760590172e-05   0.00104021666064784
"17913"   "SLC30A6"   28.8670799864441   40.9975859287871   16.7365740441012   0.408233159707809   -1.29253472142651   4.96908416094999e-06   0.000516145167648776
"17931"   "SLC35B3"   145.678099557902   171.187089080276   120.169110035529   0.701975310644934   -0.510507804865354   0.000889085476934645   0.0271935735816949
"17934"   "SLC35C2"   37.4036427889074   47.4759306942142   27.3313548836005   0.575688659157373   -0.796639302884039   0.00063462429154828   0.0214078567287235
"17967"   "SLC39A1"   59.4786939471709   45.8406590493318   73.1167288450099   1.59501914591421   0.673573741576169   0.000443744695885342   0.0166857548549574
"17979"   "SLC39A8"   15.6250954138877   22.4046655876844   8.8455252400909   0.394807287146173   -1.34077947633768   0.000110339056414329   0.00578783520421361
"17993"   "SLC44A4"   6.78477242157921   2.16458651270575   11.4049583304527   5.26888542615762   2.39749780812069   7.53635683840526e-05   0.0045179382623834
"18032"   "SLC6A12"   10.1385537372448   15.1358255138122   5.14128196067744   0.339676349729704   -1.55776732210877   0.000274386647521061   0.0116542118183945
"18053"   "SLC7A14"   136.350271995036   181.579047398892   91.1214965911802   0.501828255498032   -0.994734390742001   1.27519863807316e-08   4.05397239758348e-06
"18085"   "SLCO2A1"   161.402397751644   206.751723440474   116.053072062815   0.561316104802521   -0.833114642419116   1.68946723080723e-08   4.94451148050115e-06
"18156"   "SMCHD1"   896.667843087661   1029.37755176061   763.958134414708   0.742155425002283   -0.430206741735699   0.00013943337153098   0.00693268009825362
"18196"   "SMYD4"   186.705646158032   242.222519658471   131.188772657593   0.54160435967129   -0.884688742882069   4.70784975249522e-10   2.35190722635369e-07
"18197"   "SMYD5"   156.306155919492   194.884563779865   117.727748059119   0.604089650692399   -0.727165424456989   0.000171713569061344   0.0081883956955571
"18247"   "SNHG1"   11.1353127052558   4.47344826254585   17.7971771479658   3.97840236512256   1.99218919392212   7.30434181084794e-05   0.00442947109465929
"18509"   "SNORD17"   9.88542549189759   4.02877441076327   15.7420765730319   3.90741078253858   1.9662129327109   3.64456812688885e-05   0.00249903034112359
"18781"   "SPAST"   6.41762034527256   10.6813570447637   2.15388364578146   0.201648876332372   -2.31008272839094   0.000519359247482077   0.0184074252207246
"18875"   "SPOCK2"   32.0412564333376   18.522754983089   45.5597578835863   2.45966423057379   1.29846138631726   1.27586765903503e-05   0.00113433284838445
"18884"   "SPPL2B"   124.4380077093   92.0169197467427   156.859095671857   1.7046766627657   0.769498119741212   0.000179830839157281   0.00838491259377348
"19108"   "STEAP4"   687.385247312729   777.503390605455   597.267104020003   0.768185851324586   -0.380472702759901   0.000569473002722546   0.0197134899011877
"19153"   "STRADA"   47.7922324223185   62.6585001255161   32.9259647191208   0.525482810044356   -0.928284524361929   1.07343216890153e-05   0.000979250163821385
"19164"   "STUB1"   37.0773830717598   25.1051803598502   49.0495857836693   1.95376352930379   0.966255863547093   2.03222840879392e-05   0.00159105285348187
"19166"   "STX11"   9.23669080701158   13.5469069190809   4.92647469494226   0.363660481641259   -1.45933593576366   0.00147264367903421   0.0393117171418523
"19191"   "SUB1"   513.75921225653   614.546514184636   412.971910328423   0.671994553376229   -0.573478555110929   2.51720455335515e-06   0.000330099912115611
"19216"   "SULT2B1"   23.4144989489932   12.510699481364   34.3182984166224   2.74311587995086   1.4558155685585   0.00100406303290776   0.0295888350512226
"19227"   "SUN1"   40.02562400534   27.6032860705625   52.4479619401176   1.90006225367677   0.926046687819075   0.00131385260665148   0.0358016303802095
"19256"   "SV2C"   23.7474982320253   32.7776230334855   14.7173734305651   0.449006732902197   -1.15519101639804   0.00122971000455208   0.0342198611611561
"19286"   "SYNGAP1"   318.52302877158   267.022925468097   370.023132075063   1.3857354436006   0.470651852975399   0.000182890388687543   0.00848983658283637
"19295"   "SYNPO"   130.246498898158   105.077302287857   155.415695508459   1.47906057849393   0.564681142702694   0.000221026539818558   0.00990935653519867
"19307"   "SYT11"   64.9827392272892   81.6117232648279   48.3537551897505   0.592485408411776   -0.755148470785645   0.000108528520064979   0.00572147087438038
"19345"   "TACC3"   36.3008849793634   19.6701089738074   52.9316609849194   2.69096938178649   1.42812597589246   2.9379030416102e-05   0.00211106443900908
"19361"   "TAF1A"   118.341668641371   142.004672003345   94.6786652793969   0.666729227593066   -0.58482712256569   0.000233075978175596   0.010273949945547
"19391"   "TAOK2"   290.587091814374   240.663998388899   340.510185239848   1.41487795232922   0.500677611245555   0.000129873116852306   0.00661407217911429
"19407"   "TAS1R2"   16.3195744031975   22.7597506877091   9.87939811868592   0.43407321346543   -1.20398969785046   0.000903569799843147   0.0275562522388211
"19504"   "TBX19"   48.3661888985655   31.9430324045151   64.7893453926159   2.02827785953904   1.02025530476722   4.05275760644641e-06   0.000482769877506447
"19591"   "TDRD6"   120.095757071854   80.3545876229653   159.836926520743   1.9891450040254   0.992148449104385   0.000571242105610625   0.0197134899011877
"19602"   "TECPR2"   312.478773787827   375.977283185634   248.98026439002   0.662221563708383   -0.594614105371671   1.70359807781383e-06   0.000241519559923579
"19674"   "TFRC"   52.257534158751   32.8963310425705   71.6187372749315   2.17710410265057   1.12241039456649   0.00170581201342818   0.0430184467136419
"19772"   "TIMM13"   334.984378153855   284.210332180101   385.75842412761   1.35729908609782   0.440738659213943   0.000528014221532706   0.0186511690171704
"19814"   "TLN2"   19.8271943438999   13.1335751906403   26.5208134971595   2.01931409476832   1.01386533252213   0.000847547532996673   0.0264631582400836
"19830"   "TM2D2"   462.536102087669   525.302792517618   399.769411657719   0.761026625694764   -0.393981165355883   0.00093105775274611   0.0280206271796387
"19834"   "TM4SF19"   588.193414209058   711.627024115166   464.759804302951   0.653094652891845   -0.614635998426945   0.000592039549328375   0.0203642193836196
"19858"   "TMCC1"   51.9497233887654   29.987122152952   73.9123246245789   2.46480219901005   1.30147187461238   1.79957062920901e-06   0.000245185655467945
"19935"   "TMEM14B"   208.639503287062   263.28516109499   153.993845479133   0.584893751089808   -0.773753519246823   7.1598506508836e-08   1.63291289518304e-05
"19936"   "TMEM14C"   171.262485338578   206.71249555417   135.812475122987   0.657011443642492   -0.606009595660167   1.98969390941377e-05   0.0015821701257758
"20029"   "TMEM232"   8.71977003976048   14.3982950356514   3.0412450438696   0.211222581308358   -2.24316401681927   1.95907851400453e-06   0.00026349606013361
"20031"   "TMEM25"   6.53597040639112   2.37809528821364   10.6938455245686   4.49681119910108   2.16890231299546   0.000609559322624052   0.0207626196547043
"20073"   "TMEM63A"   6.57769652981129   1.80243305375861   11.352960005864   6.29868609110871   2.65505091313061   8.82691598457989e-06   0.000819497129152457
"20180"   "TNFRSF1B"   18.8325263245528   25.9040772754839   11.7609753736216   0.454020239692244   -1.13917148227695   0.000692813017075143   0.0225723644786811
"20201"   "TNIP2"   7.74132181431308   3.4623709419026   12.0202726867236   3.4716882992665   1.79563742321752   0.000400799720863261   0.0153459484364105
"20223"   "TNPO3"   16.3728067773448   9.15551598131013   23.5900975733795   2.5765994643596   1.36546828586125   0.00028591007311203   0.0120461147671418
"20238"   "TOM1"   353.858282511244   417.880144168638   289.83642085385   0.693587443429435   -0.527850314358268   1.65002297490189e-05   0.00138483128237566
"20261"   "TOPORS"   802.086867839755   927.964520996142   676.209214683367   0.728701582208636   -0.456599971707079   4.92634494856575e-05   0.00321007980468343
"20309"   "TPPP"   20.8277323463174   11.5574057210763   30.0980589715586   2.60422275534303   1.38085285644672   9.97263830091708e-07   0.000158519618810487
"20505"   "TRPM4"   9.98442908428533   5.75311412866725   14.2157440399034   2.47096506726116   1.30507461501905   0.00152826912690755   0.0402840990210731
"20570"   "TSPAN4"   203.098302267254   163.628827546178   242.567776988331   1.4824269086685   0.567960974180368   9.57602133116305e-05   0.00528747577817008
"20630"   "TTC33"   299.679273689508   354.30504640503   245.053500973986   0.691645528226117   -0.531895256005262   0.000258128025649199   0.0111441198233981
"20733"   "TUBG2"   298.143479745363   346.692438131489   249.594521359238   0.719930676032152   -0.474070102443168   0.000463436102244395   0.0170746251688245
"20756"   "TWSG1"   2435.54386125786   2843.89370201516   2027.19402050057   0.712823414976486   -0.48838336729291   4.87218305477446e-06   0.000514509853368112
"20839"   "UBE2L6"   16.5409731878739   9.26666902358279   23.8152773521649   2.56999330520572   1.36176460122495   7.9128091147621e-05   0.00467343607841347
"20916"   "UFC1"   2.23758608724669   0   4.47517217449338   Inf   Inf   0.000161703227723249   0.00778178239470002
"21033"   "USP14"   2397.20898278502   2751.45901781061   2042.95894775943   0.742500227891839   -0.4295366261748   6.99020813579752e-05   0.00429009894783866
"21056"   "USP34"   100.452470504198   128.103413820519   72.8015271878776   0.568302787698361   -0.815268302621934   5.74182849716246e-07   0.000100395871272886
"21113"   "VAPA"   1553.41828321601   1737.53041119415   1369.30615523787   0.788076079944286   -0.343593182388321   0.00132996828431333   0.0360534813197188
"21200"   "VPS35"   17.2166829995237   9.02227958128986   25.4110864177576   2.81648182023248   1.49389415932996   5.18890587300285e-05   0.00333968168795539
"21203"   "VPS37B"   12.5461367863675   17.599088986074   7.49318458666095   0.425771163074988   -1.23184985363998   0.00161356525521784   0.0422142471134424
"21206"   "VPS39"   170.680733571275   229.393382538386   111.968084604164   0.488105120405675   -1.03473620866462   1.74599346693426e-11   1.40901672781594e-08
"21345"   "WDR82"   10.4801175023711   5.96926988963623   14.9909651151059   2.51135656324285   1.32846687747532   0.000887889357494281   0.0271935735816949
"21351"   "WDR89"   29.7747023713544   39.125397852167   20.4240068905418   0.522014037217275   -0.937839492782886   0.00114930003653624   0.0328536966847457
"21374"   "WFIKKN1"   238.218177076276   204.58950012321   271.846854029341   1.3287429406965   0.41006202707212   0.00150188687275154   0.0399905969087218
"21404"   "WNT2"   1078.47216448811   1220.89019383125   936.054135144981   0.766698053497808   -0.383269577770511   0.000548772571686641   0.0191268207626729
"21416"   "WNT9A"   23.9922483942194   13.8984781197031   34.0860186687356   2.45250007771813   1.29425318216258   1.4949153693446e-05   0.00126477073708018
"21421"   "WRNIP1"   387.07934086453   452.504102427557   321.654579301503   0.710832404780237   -0.492418643754128   6.91948341290219e-05   0.00429009894783866
"21505"   "YES1"   2262.84167034784   2644.13143504973   1881.55190564595   0.711595452746684   -0.490870803395232   0.00108812439767298   0.0316219198226792
"21577"   "ZBTB41"   200.510984718916   289.169550741039   111.852418696793   0.386805659206356   -1.37031919239624   1.32723290136547e-22   1.39240003682252e-18
"21605"   "ZC3H3"   26.0487001695163   17.0979412823724   34.9994590566602   2.04699843558031   1.03350999978126   0.000104814953076035   0.00555360440768024
"21622"   "ZCCHC18"   162.314780540822   193.358942597828   131.270618483815   0.678896029943895   -0.558737446145583   0.000172703614099507   0.00819834215166483
"21629"   "ZCCHC7"   352.315594236625   399.714578663973   304.916609809278   0.76283584859088   -0.390555451854104   0.00170467091163462   0.0430184467136419
"21641"   "ZDHHC15"   1320.57292243363   1555.0223169976   1086.12352786967   0.698461697943174   -0.51774709121043   2.96302701456276e-06   0.00036570725187974
"21657"   "ZDHHC8"   161.317599267049   215.566345427273   107.068853106824   0.496686312024279   -1.00959310620925   1.30725488651441e-09   5.48576440576907e-07
"21662"   "ZER1"   16.0474566460116   10.1378981640725   21.9570151279507   2.16583504515401   1.11492336824607   0.000967091770416395   0.0286603383147977
"21699"   "ZFPM1"   47.3395934088812   60.8220828407222   33.8571039770403   0.556658081994718   -0.845136646810716   0.000126007232170384   0.00651202892955417
"21701"   "ZFR"   733.082696968367   855.831064214342   610.334329722393   0.713148137807645   -0.487726305059993   1.79008951825941e-05   0.00147872670362673
"21775"   "ZNF142"   84.104706925499   63.9381603081181   104.27125354288   1.63081410288311   0.705592338068328   9.32943257161486e-05   0.00524969123680908
"21838"   "ZNF248"   594.840016634967   669.24752539263   520.432507877304   0.777638299927938   -0.362828819159489   0.0013130990233308   0.0358016303802095
"21882"   "ZNF304"   93.5368432894176   66.3911796564855   120.68250692235   1.81774909779842   0.862153079431706   5.53732662537786e-07   9.84611756387104e-05
"21907"   "ZNF343"   856.699220818394   735.482071307595   977.916370329193   1.32962638856795   0.411020920101707   0.000158680907834353   0.00767152720778894
"21920"   "ZNF367"   181.594442310042   240.648219554964   122.54066506512   0.509210769527974   -0.973665163118046   1.91770004381501e-07   3.94482179601241e-05
"21963"   "ZNF440"   55.5858454816159   23.6168301318116   87.5548608314203   3.70730789622291   1.89037193763015   1.4853060485083e-10   9.73896609681285e-08
"22011"   "ZNF514"   106.803375375691   66.4017911381595   147.204959613222   2.21688236250946   1.14853221651687   1.55997122655715e-07   3.27313162756221e-05
"22015"   "ZNF518B"   430.826256886659   495.510116614938   366.14239715838   0.738920124698301   -0.436509673587334   0.000240499923221482   0.0104692310975791
"22055"   "ZNF568"   4.5307667771697   7.78624999639192   1.27528355794748   0.163786618531185   -2.61011060217773   0.000140874082837237   0.006971273599271
"22068"   "ZNF580"   6.30433733017716   2.8249481796292   9.78372648072511   3.46332954044109   1.79215966843052   0.00163188601812186   0.042376525287417
"22083"   "ZNF597"   130.595656335379   105.366260636765   155.825052033992   1.47888945751977   0.564514219409141   0.000102331266602913   0.00544952953264548
"22097"   "ZNF616"   70.8155911010939   49.2232133887843   92.4079688134036   1.87732499468349   0.908678425145656   4.03811255792414e-05   0.00269833368440651
"22134"   "ZNF670"   188.595348979747   134.446071572322   242.744626387172   1.80551669192203   0.852411758000109   9.46748527143041e-07   0.000155192793722776
"22197"   "ZNF75D"   235.300915752475   269.808286577945   200.793544927004   0.744208220858321   -0.426221767678146   0.00132353450473663   0.0359720219927254
"22213"   "ZNF776"   31.2033542039307   22.6048923864982   39.8018160213633   1.76076113705088   0.816199207996176   0.00169428861408582   0.0429342556772326
"22241"   "ZNF812"   23.9056933815763   16.7472321179238   31.0641546452288   1.85488290999337   0.891328119189197   0.00166138960862276   0.0427446115545244
"22243"   "ZNF814"   51.2704692320961   37.6277791029985   64.9131593611937   1.7251392696738   0.786712834677635   0.000316306467488591   0.0129119500016452
"22262"   "ZNF841"   13.3718781125212   5.4677305128442   21.2760257121982   3.8911986723228   1.96021464164659   1.42248514542726e-05   0.00121327574477052
"22270"   "ZNF853"   37.1931313323666   25.9729004787053   48.413362186028   1.86399521400089   0.898398155729291   0.000199258761252366   0.00908879854042859
"22308"   "ZSCAN1"   383.283246757326   316.264164053403   450.302329461249   1.42381711443353   0.509763847818096   2.66730853466845e-05   0.00194324540536158
"22309"   "ZSCAN10"   33.9367824546312   24.3671860078774   43.506378901385   1.78544945187025   0.836287290144412   0.000653621089026063   0.0219077918369726
"22324"   "ZSWIM1"   146.25247145454   175.902805356158   116.602137552922   0.662878214573286   -0.593184255273642   5.14034354204587e-05   0.00332884840121007
